123	0.10211395020369095
520	0.05445376974168019
456	0.012968518367204007
888	0.011964654659211617
168	0.011054173621730147
000	0.010960790951219228
321	0.010143692584248678
999	0.009781834736018864
111	0.009735143400763403
777	0.009268230048208804
789	0.00892971786760672
666	0.007797452987661815
001	0.007610687646639975
100	0.006583478271019855
394	0.006431731431439611
007	0.006186601921348445
333	0.005918126743629551
159	0.005731361402607711
555	0.005579614563027466
222	0.005182738213356057
101	0.004622442190290537
147	0.004248911508246857
911	0.0038053438233199874
987	0.0036886154851813375
852	0.0036069056484842824
369	0.003338430470765388
258	0.0031049737944880878
112	0.003069955293046493
125	0.002976572622535573
119	0.002976572622535573
121	0.002953226954907843
102	0.002824825782955328
120	0.002824825782955328
951	0.002801480115327598
122	0.002743115946258273
228	0.002719770278630543
963	0.0026964246110028132
530	0.0026964246110028132
753	0.002673078943375083
110	0.002673078943375083
200	0.002603041940491893
741	0.0025563506052364332
135	0.0025096592699809734
223	0.0021944927570066186
128	0.0021828199231927535
104	0.0021594742555650233
921	0.0020894372526818338
521	0.0020544187512402385
543	0.0020427459174263735
234	0.0019843817483570485
103	0.0019727089145431835
654	0.0019376904131015887
113	0.0019376904131015887
124	0.0019376904131015887
320	0.0019260175792877236
711	0.0018443077425906688
002	0.0018326349087768037
108	0.0017742707397074787
117	0.0017509250720797488
220	0.0017392522382658837
127	0.0017275794044520189
318	0.0017042337368242887
126	0.0016808880691965588
444	0.0016808880691965588
105	0.001669215235382694
310	0.001634196733941099
312	0.001634196733941099
945	0.0016225239001272339
311	0.0016108510663133688
314	0.0015875053986856389
213	0.001575832564871774
221	0.001575832564871774
331	0.001575832564871774
978	0.001564159731057909
118	0.001564159731057909
357	0.001564159731057909
330	0.001564159731057909
012	0.0015524868972440439
129	0.001540814063430179
610	0.001540814063430179
107	0.001529141229616314
501	0.0015174683958024489
114	0.001505795561988584
500	0.001494122728174719
300	0.001494122728174719
326	0.001494122728174719
109	0.001482449894360854
823	0.001482449894360854
525	0.001470777060546989
211	0.001459104226733124
323	0.001447431392919259
523	0.001447431392919259
212	0.001447431392919259
510	0.001447431392919259
115	0.001435758559105394
511	0.001435758559105394
214	0.001435758559105394
183	0.001435758559105394
116	0.001424085725291529
226	0.001424085725291529
345	0.001412412891477664
313	0.001412412891477664
623	0.001412412891477664
316	0.001400740057663799
246	0.001400740057663799
567	0.001400740057663799
522	0.001400740057663799
225	0.0013890672238499342
512	0.0013890672238499342
199	0.001377394390036069
612	0.001377394390036069
620	0.001377394390036069
178	0.001365721556222204
201	0.001365721556222204
215	0.001365721556222204
621	0.001365721556222204
003	0.0013540487224083392
611	0.0013540487224083392
328	0.0013540487224083392
920	0.0013540487224083392
886	0.001342375888594474
315	0.001342375888594474
831	0.001330703054780609
210	0.001330703054780609
106	0.001330703054780609
131	0.001330703054780609
227	0.001330703054780609
528	0.001330703054780609
218	0.0013190302209667441
928	0.0012956845533390142
224	0.0012956845533390142
412	0.0012956845533390142
619	0.0012956845533390142
202	0.0012840117195251491
526	0.001272338885711284
613	0.001272338885711284
006	0.0012606660518974192
820	0.0012606660518974192
329	0.0012606660518974192
918	0.001237320384269689
426	0.0012256475504558242
303	0.0012256475504558242
556	0.0012256475504558242
420	0.0012256475504558242
723	0.0012256475504558242
517	0.0012139747166419591
923	0.0012139747166419591
828	0.0012139747166419591
815	0.0012139747166419591
818	0.001202301882828094
324	0.001202301882828094
423	0.001202301882828094
010	0.0011789562152003641
322	0.0011789562152003641
217	0.0011789562152003641
821	0.0011789562152003641
566	0.0011672833813864993
301	0.0011672833813864993
216	0.0011556105475726342
203	0.0011556105475726342
041	0.0011439377137587691
494	0.0011439377137587691
929	0.0011439377137587691
628	0.0011439377137587691
516	0.0011439377137587691
518	0.0011439377137587691
615	0.0011322648799449043
515	0.0011322648799449043
317	0.0011322648799449043
256	0.0011322648799449043
410	0.0011205920461310392
678	0.0011205920461310392
527	0.0011205920461310392
813	0.0011205920461310392
180	0.0011089192123171741
325	0.0011089192123171741
713	0.0011089192123171741
712	0.0011089192123171741
413	0.0010972463785033093
816	0.0010972463785033093
626	0.0010972463785033093
011	0.0010855735446894442
716	0.0010855735446894442
008	0.0010739007108755794
524	0.0010739007108755794
830	0.0010739007108755794
319	0.0010739007108755794
913	0.0010739007108755794
130	0.0010622278770617143
812	0.0010622278770617143
910	0.0010622278770617143
145	0.0010622278770617143
156	0.0010622278770617143
926	0.0010622278770617143
206	0.0010622278770617143
513	0.0010622278770617143
629	0.0010622278770617143
514	0.0010505550432478492
219	0.0010505550432478492
600	0.0010505550432478492
889	0.0010505550432478492
811	0.0010388822094339843
721	0.0010388822094339843
235	0.0010388822094339843
822	0.0010388822094339843
306	0.0010388822094339843
829	0.0010388822094339843
722	0.0010388822094339843
900	0.0010388822094339843
616	0.0010272093756201193
601	0.0010272093756201193
924	0.0010272093756201193
588	0.0010272093756201193
150	0.0010272093756201193
717	0.0010272093756201193
915	0.0010272093756201193
531	0.0010272093756201193
912	0.0010272093756201193
132	0.0010155365418062542
153	0.0010155365418062542
327	0.0010155365418062542
602	0.0010155365418062542
421	0.0010155365418062542
810	0.0010155365418062542
718	0.0010038637079923893
032	0.0010038637079923893
890	0.0010038637079923893
730	0.0010038637079923893
425	0.0010038637079923893
714	0.0010038637079923893
814	0.0010038637079923893
529	0.0010038637079923893
009	0.0009921908741785243
925	0.0009921908741785243
603	0.0009921908741785243
427	0.0009921908741785243
930	0.0009921908741785243
416	0.0009805180403646594
360	0.0009805180403646594
098	0.0009805180403646594
305	0.0009805180403646594
819	0.0009688452065507943
422	0.0009688452065507943
198	0.0009688452065507943
625	0.0009688452065507943
503	0.0009688452065507943
309	0.0009571723727369294
411	0.0009571723727369294
719	0.0009571723727369294
617	0.0009571723727369294
415	0.0009571723727369294
927	0.0009571723727369294
231	0.0009454995389230643
622	0.0009454995389230643
724	0.0009454995389230643
919	0.0009454995389230643
727	0.0009454995389230643
020	0.0009338267051091993
013	0.0009338267051091993
917	0.0009338267051091993
205	0.0009338267051091993
624	0.0009338267051091993
414	0.0009338267051091993
417	0.0009338267051091993
614	0.0009338267051091993
630	0.0009338267051091993
080	0.0009221538712953344
419	0.0009221538712953344
618	0.0009221538712953344
726	0.0009221538712953344
901	0.0009221538712953344
005	0.0009104810374814694
133	0.0009104810374814694
229	0.0009104810374814694
308	0.0009104810374814694
627	0.0009104810374814694
824	0.0009104810374814694
042	0.0008988082036676043
284	0.0008988082036676043
418	0.0008988082036676043
700	0.0008988082036676043
158	0.0008988082036676043
428	0.0008988082036676043
720	0.0008988082036676043
429	0.0008988082036676043
725	0.0008988082036676043
729	0.0008988082036676043
021	0.0008871353698537394
188	0.0008871353698537394
519	0.0008871353698537394
204	0.0008871353698537394
208	0.0008871353698537394
230	0.0008871353698537394
800	0.0008754625360398744
207	0.0008754625360398744
030	0.0008637897022260094
302	0.0008637897022260094
728	0.0008637897022260094
250	0.0008637897022260094
731	0.0008521168684121444
826	0.0008521168684121444
025	0.0008404440345982794
400	0.0008404440345982794
023	0.0008404440345982794
880	0.0008404440345982794
715	0.0008287712007844144
914	0.0008287712007844144
827	0.0008287712007844144
196	0.0008287712007844144
710	0.0008287712007844144
817	0.0008287712007844144
430	0.0008287712007844144
502	0.0008287712007844144
155	0.0008170983669705495
747	0.0008170983669705495
608	0.0008170983669705495
004	0.0008054255331566844
092	0.0008054255331566844
307	0.0008054255331566844
134	0.0008054255331566844
166	0.0008054255331566844
998	0.0008054255331566844
486	0.0007937526993428194
605	0.0007937526993428194
424	0.0007937526993428194
233	0.0007820798655289545
138	0.0007820798655289545
170	0.0007820798655289545
825	0.0007820798655289545
060	0.0007704070317150895
165	0.0007704070317150895
304	0.0007704070317150895
808	0.0007704070317150895
350	0.0007704070317150895
052	0.0007587341979012244
916	0.0007587341979012244
604	0.0007587341979012244
031	0.0007470613640873595
177	0.0007470613640873595
197	0.0007470613640873595
403	0.0007470613640873595
568	0.0007470613640873595
014	0.0007353885302734945
989	0.0007353885302734945
850	0.0007353885302734945
550	0.0007353885302734945
801	0.0007353885302734945
061	0.0007237156964596295
922	0.0007237156964596295
606	0.0007120428626457645
701	0.0007120428626457645
909	0.0007120428626457645
015	0.0007003700288318995
609	0.0007003700288318995
366	0.0007003700288318995
236	0.0007003700288318995
607	0.0007003700288318995
505	0.0006886971950180345
045	0.0006886971950180345
136	0.0006886971950180345
273	0.0006886971950180345
288	0.0006886971950180345
401	0.0006886971950180345
594	0.0006886971950180345
022	0.0006770243612041696
091	0.0006770243612041696
268	0.0006770243612041696
163	0.0006770243612041696
881	0.0006770243612041696
552	0.0006770243612041696
040	0.0006653515273903045
050	0.0006653515273903045
940	0.0006653515273903045
160	0.0006653515273903045
157	0.0006653515273903045
255	0.0006653515273903045
339	0.0006653515273903045
902	0.0006653515273903045
907	0.0006536786935764395
070	0.0006536786935764395
802	0.0006536786935764395
143	0.0006536786935764395
507	0.0006536786935764395
173	0.0006536786935764395
564	0.0006536786935764395
332	0.0006536786935764395
335	0.0006536786935764395
404	0.0006536786935764395
990	0.0006536786935764395
245	0.0006420058597625746
942	0.0006420058597625746
232	0.0006420058597625746
062	0.0006420058597625746
090	0.0006420058597625746
151	0.0006420058597625746
172	0.0006420058597625746
179	0.0006420058597625746
996	0.0006420058597625746
707	0.0006420058597625746
242	0.0006303330259487096
140	0.0006303330259487096
186	0.0006303330259487096
409	0.0006303330259487096
688	0.0006303330259487096
988	0.0006303330259487096
504	0.0006303330259487096
589	0.0006303330259487096
868	0.0006303330259487096
141	0.0006186601921348445
137	0.0006186601921348445
152	0.0006186601921348445
668	0.0006186601921348445
438	0.0006186601921348445
506	0.0006186601921348445
803	0.0006069873583209796
035	0.0006069873583209796
182	0.0006069873583209796
248	0.0006069873583209796
545	0.0006069873583209796
705	0.0006069873583209796
748	0.0006069873583209796
036	0.0005953145245071146
038	0.0005953145245071146
699	0.0005953145245071146
252	0.0005953145245071146
277	0.0005953145245071146
169	0.0005953145245071146
408	0.0005953145245071146
806	0.0005953145245071146
405	0.0005953145245071146
899	0.0005953145245071146
771	0.0005953145245071146
362	0.0005836416906932496
146	0.0005836416906932496
569	0.0005836416906932496
028	0.0005719688568793846
406	0.0005719688568793846
037	0.0005719688568793846
365	0.0005719688568793846
579	0.0005719688568793846
184	0.0005719688568793846
351	0.0005719688568793846
455	0.0005719688568793846
560	0.0005719688568793846
903	0.0005719688568793846
703	0.0005719688568793846
804	0.0005719688568793846
778	0.0005719688568793846
663	0.0005602960230655196
051	0.0005602960230655196
071	0.0005602960230655196
266	0.0005602960230655196
139	0.0005602960230655196
336	0.0005602960230655196
142	0.0005602960230655196
148	0.0005602960230655196
176	0.0005602960230655196
187	0.0005602960230655196
402	0.0005602960230655196
745	0.0005602960230655196
024	0.0005486231892516546
980	0.0005486231892516546
633	0.0005486231892516546
175	0.0005486231892516546
209	0.0005486231892516546
334	0.0005486231892516546
931	0.0005486231892516546
995	0.0005486231892516546
432	0.0005369503554377897
088	0.0005369503554377897
578	0.0005369503554377897
363	0.0005369503554377897
458	0.0005369503554377897
161	0.0005369503554377897
546	0.0005369503554377897
632	0.0005369503554377897
355	0.0005369503554377897
540	0.0005369503554377897
551	0.0005369503554377897
704	0.0005369503554377897
855	0.0005369503554377897
191	0.0005252775216239246
026	0.0005252775216239246
174	0.0005252775216239246
081	0.0005252775216239246
787	0.0005252775216239246
181	0.0005252775216239246
352	0.0005252775216239246
452	0.0005252775216239246
862	0.0005252775216239246
733	0.0005252775216239246
368	0.0005252775216239246
240	0.0005136046878100596
656	0.0005136046878100596
171	0.0005136046878100596
270	0.0005136046878100596
541	0.0005136046878100596
469	0.0005136046878100596
478	0.0005136046878100596
702	0.0005136046878100596
558	0.0005136046878100596
585	0.0005136046878100596
660	0.0005136046878100596
706	0.0005136046878100596
861	0.0005136046878100596
016	0.0005019318539961947
149	0.0005019318539961947
380	0.0005019318539961947
167	0.0005019318539961947
264	0.0005019318539961947
358	0.0005019318539961947
407	0.0005019318539961947
563	0.0005019318539961947
487	0.0005019318539961947
581	0.0005019318539961947
561	0.0005019318539961947
775	0.0005019318539961947
018	0.0004902590201823297
072	0.0004902590201823297
759	0.0004902590201823297
144	0.0004902590201823297
247	0.0004902590201823297
508	0.0004902590201823297
338	0.0004902590201823297
441	0.0004902590201823297
445	0.0004902590201823297
642	0.0004902590201823297
833	0.0004902590201823297
751	0.0004902590201823297
696	0.0004785861863684647
905	0.0004785861863684647
388	0.0004785861863684647
985	0.0004785861863684647
599	0.0004785861863684647
053	0.0004785861863684647
082	0.0004785861863684647
765	0.0004785861863684647
776	0.0004785861863684647
553	0.0004785861863684647
189	0.0004785861863684647
763	0.0004785861863684647
860	0.0004785861863684647
986	0.0004785861863684647
634	0.0004785861863684647
271	0.0004785861863684647
299	0.0004785861863684647
658	0.0004785861863684647
898	0.0004785861863684647
875	0.0004785861863684647
450	0.0004785861863684647
554	0.0004785861863684647
788	0.0004785861863684647
571	0.0004785861863684647
885	0.0004785861863684647
667	0.0004785861863684647
805	0.0004785861863684647
807	0.0004785861863684647
865	0.0004785861863684647
997	0.0004785861863684647
361	0.00046691335255459967
263	0.00046691335255459967
580	0.00046691335255459967
017	0.00046691335255459967
034	0.00046691335255459967
582	0.00046691335255459967
267	0.00046691335255459967
238	0.00046691335255459967
237	0.00046691335255459967
262	0.00046691335255459967
533	0.00046691335255459967
382	0.00046691335255459967
480	0.00046691335255459967
547	0.00046691335255459967
587	0.00046691335255459967
882	0.00046691335255459967
650	0.00046691335255459967
770	0.00046691335255459967
709	0.0004552405187407347
065	0.0004552405187407347
097	0.0004552405187407347
162	0.0004552405187407347
154	0.0004552405187407347
694	0.0004552405187407347
655	0.0004552405187407347
375	0.0004552405187407347
906	0.0004552405187407347
340	0.0004552405187407347
586	0.0004552405187407347
027	0.0004435676849268697
076	0.0004435676849268697
509	0.0004435676849268697
399	0.0004435676849268697
269	0.0004435676849268697
193	0.0004435676849268697
195	0.0004435676849268697
260	0.0004435676849268697
285	0.0004435676849268697
779	0.0004435676849268697
532	0.0004435676849268697
840	0.0004435676849268697
904	0.0004435676849268697
766	0.0004435676849268697
866	0.0004435676849268697
074	0.0004318948511130047
289	0.0004318948511130047
056	0.0004318948511130047
482	0.0004318948511130047
294	0.0004318948511130047
099	0.0004318948511130047
278	0.0004318948511130047
891	0.0004318948511130047
185	0.0004318948511130047
254	0.0004318948511130047
265	0.0004318948511130047
640	0.0004318948511130047
378	0.0004318948511130047
353	0.0004318948511130047
387	0.0004318948511130047
381	0.0004318948511130047
383	0.0004318948511130047
887	0.0004318948511130047
471	0.0004318948511130047
871	0.0004318948511130047
845	0.0004318948511130047
055	0.0004202220172991397
093	0.0004202220172991397
164	0.0004202220172991397
243	0.0004202220172991397
192	0.0004202220172991397
799	0.0004202220172991397
239	0.0004202220172991397
244	0.0004202220172991397
251	0.0004202220172991397
858	0.0004202220172991397
908	0.0004202220172991397
956	0.0004202220172991397
584	0.0004202220172991397
636	0.0004202220172991397
665	0.0004202220172991397
677	0.0004202220172991397
740	0.0004202220172991397
773	0.0004202220172991397
941	0.0004202220172991397
286	0.00040854918348527474
346	0.00040854918348527474
354	0.00040854918348527474
054	0.00040854918348527474
066	0.00040854918348527474
477	0.00040854918348527474
190	0.00040854918348527474
347	0.00040854918348527474
575	0.00040854918348527474
449	0.00040854918348527474
433	0.00040854918348527474
454	0.00040854918348527474
465	0.00040854918348527474
466	0.00040854918348527474
841	0.00040854918348527474
856	0.00040854918348527474
809	0.00040854918348527474
960	0.00040854918348527474
965	0.00040854918348527474
653	0.0003968763496714097
019	0.0003968763496714097
755	0.0003968763496714097
043	0.0003968763496714097
077	0.0003968763496714097
791	0.0003968763496714097
961	0.0003968763496714097
661	0.0003968763496714097
460	0.0003968763496714097
253	0.0003968763496714097
467	0.0003968763496714097
447	0.0003968763496714097
371	0.0003968763496714097
389	0.0003968763496714097
436	0.0003968763496714097
493	0.0003968763496714097
448	0.0003968763496714097
459	0.0003968763496714097
472	0.0003968763496714097
774	0.0003968763496714097
708	0.0003968763496714097
744	0.0003968763496714097
955	0.0003968763496714097
341	0.00038520351585754476
033	0.00038520351585754476
047	0.00038520351585754476
078	0.00038520351585754476
079	0.00038520351585754476
087	0.00038520351585754476
742	0.00038520351585754476
732	0.00038520351585754476
274	0.00038520351585754476
781	0.00038520351585754476
798	0.00038520351585754476
851	0.00038520351585754476
279	0.00038520351585754476
280	0.00038520351585754476
476	0.00038520351585754476
542	0.00038520351585754476
431	0.00038520351585754476
443	0.00038520351585754476
446	0.00038520351585754476
468	0.00038520351585754476
767	0.00038520351585754476
573	0.00038520351585754476
565	0.00038520351585754476
583	0.00038520351585754476
782	0.00038520351585754476
680	0.00038520351585754476
897	0.00038520351585754476
058	0.00038520351585754476
877	0.00038520351585754476
933	0.00038520351585754476
457	0.00037353068204367974
083	0.00037353068204367974
073	0.00037353068204367974
359	0.00037353068204367974
938	0.00037353068204367974
796	0.00037353068204367974
281	0.00037353068204367974
272	0.00037353068204367974
768	0.00037353068204367974
373	0.00037353068204367974
385	0.00037353068204367974
393	0.00037353068204367974
548	0.00037353068204367974
537	0.00037353068204367974
544	0.00037353068204367974
690	0.00037353068204367974
746	0.00037353068204367974
750	0.00037353068204367974
966	0.00037353068204367974
736	0.00036185784822981477
063	0.00036185784822981477
095	0.00036185784822981477
934	0.00036185784822981477
835	0.00036185784822981477
562	0.00036185784822981477
762	0.00036185784822981477
386	0.00036185784822981477
395	0.00036185784822981477
883	0.00036185784822981477
631	0.00036185784822981477
572	0.00036185784822981477
596	0.00036185784822981477
854	0.00036185784822981477
645	0.00036185784822981477
863	0.00036185784822981477
869	0.00036185784822981477
954	0.00036185784822981477
846	0.00036185784822981477
283	0.00035018501441594975
737	0.00035018501441594975
760	0.00035018501441594975
086	0.00035018501441594975
735	0.00035018501441594975
463	0.00035018501441594975
534	0.00035018501441594975
337	0.00035018501441594975
943	0.00035018501441594975
194	0.00035018501441594975
453	0.00035018501441594975
557	0.00035018501441594975
832	0.00035018501441594975
257	0.00035018501441594975
259	0.00035018501441594975
275	0.00035018501441594975
282	0.00035018501441594975
374	0.00035018501441594975
372	0.00035018501441594975
983	0.00035018501441594975
490	0.00035018501441594975
686	0.00035018501441594975
435	0.00035018501441594975
485	0.00035018501441594975
842	0.00035018501441594975
535	0.00035018501441594975
639	0.00035018501441594975
689	0.00035018501441594975
876	0.00035018501441594975
993	0.00035018501441594975
249	0.00035018501441594975
049	0.0003385121806020848
057	0.0003385121806020848
464	0.0003385121806020848
761	0.0003385121806020848
864	0.0003385121806020848
391	0.0003385121806020848
241	0.0003385121806020848
969	0.0003385121806020848
896	0.0003385121806020848
298	0.0003385121806020848
496	0.0003385121806020848
577	0.0003385121806020848
291	0.0003385121806020848
935	0.0003385121806020848
991	0.0003385121806020848
342	0.0003385121806020848
348	0.0003385121806020848
489	0.0003385121806020848
376	0.0003385121806020848
559	0.0003385121806020848
574	0.0003385121806020848
669	0.0003385121806020848
684	0.0003385121806020848
687	0.0003385121806020848
756	0.0003385121806020848
570	0.0003385121806020848
957	0.0003385121806020848
029	0.00032683934678821977
679	0.00032683934678821977
039	0.00032683934678821977
870	0.00032683934678821977
068	0.00032683934678821977
691	0.00032683934678821977
377	0.00032683934678821977
743	0.00032683934678821977
652	0.00032683934678821977
657	0.00032683934678821977
046	0.00032683934678821977
834	0.00032683934678821977
475	0.00032683934678821977
538	0.00032683934678821977
950	0.00032683934678821977
752	0.00032683934678821977
837	0.00032683934678821977
590	0.00032683934678821977
499	0.0003151665129743548
641	0.0003151665129743548
952	0.0003151665129743548
670	0.0003151665129743548
664	0.0003151665129743548
967	0.0003151665129743548
492	0.0003151665129743548
483	0.0003151665129743548
992	0.0003151665129743548
470	0.0003151665129743548
462	0.0003151665129743548
936	0.0003151665129743548
598	0.0003151665129743548
867	0.0003151665129743548
738	0.0003151665129743548
844	0.0003151665129743548
069	0.0003034936791604898
659	0.0003034936791604898
785	0.0003034936791604898
287	0.0003034936791604898
295	0.0003034936791604898
651	0.0003034936791604898
297	0.0003034936791604898
344	0.0003034936791604898
780	0.0003034936791604898
754	0.0003034936791604898
437	0.0003034936791604898
440	0.0003034936791604898
451	0.0003034936791604898
693	0.0003034936791604898
434	0.0003034936791604898
044	0.0003034936791604898
968	0.0002918208453466248
390	0.0002918208453466248
048	0.0002918208453466248
075	0.0002918208453466248
662	0.0002918208453466248
094	0.0002918208453466248
096	0.0002918208453466248
461	0.0002918208453466248
643	0.0002918208453466248
367	0.0002918208453466248
895	0.0002918208453466248
783	0.0002918208453466248
290	0.0002918208453466248
698	0.0002918208453466248
059	0.0002918208453466248
064	0.0002918208453466248
857	0.0002918208453466248
675	0.0002918208453466248
695	0.0002918208453466248
488	0.0002918208453466248
939	0.0002918208453466248
948	0.0002918208453466248
536	0.0002918208453466248
937	0.0002918208453466248
847	0.0002918208453466248
635	0.0002918208453466248
673	0.0002918208453466248
681	0.0002918208453466248
757	0.0002918208453466248
879	0.0002918208453466248
848	0.0002918208453466248
647	0.0002918208453466248
793	0.0002801480115327598
481	0.0002801480115327598
067	0.0002801480115327598
089	0.0002801480115327598
970	0.0002801480115327598
292	0.0002801480115327598
396	0.0002801480115327598
349	0.0002801480115327598
356	0.0002801480115327598
836	0.0002801480115327598
397	0.0002801480115327598
539	0.0002801480115327598
592	0.0002801480115327598
637	0.0002801480115327598
646	0.0002801480115327598
874	0.0002801480115327598
784	0.0002801480115327598
769	0.0002801480115327598
878	0.0002801480115327598
974	0.0002801480115327598
853	0.0002801480115327598
085	0.00026847517771889484
379	0.00026847517771889484
261	0.00026847517771889484
672	0.00026847517771889484
683	0.00026847517771889484
473	0.00026847517771889484
442	0.00026847517771889484
786	0.00026847517771889484
576	0.00026847517771889484
593	0.00026847517771889484
838	0.00026847517771889484
758	0.00026847517771889484
975	0.00026847517771889484
982	0.00026847517771889484
343	0.0002568023439050298
872	0.0002568023439050298
296	0.0002568023439050298
873	0.0002568023439050298
638	0.0002568023439050298
749	0.0002568023439050298
790	0.0002568023439050298
398	0.0002568023439050298
932	0.0002568023439050298
685	0.0002568023439050298
674	0.0002568023439050298
797	0.0002568023439050298
884	0.0002568023439050298
859	0.0002568023439050298
370	0.0002568023439050298
084	0.00024512951009116485
794	0.00024512951009116485
293	0.00024512951009116485
474	0.00024512951009116485
591	0.00024512951009116485
772	0.00024512951009116485
764	0.00024512951009116485
682	0.00024512951009116485
849	0.00024512951009116485
894	0.00024512951009116485
962	0.00024512951009116485
984	0.00024512951009116485
843	0.00023345667627729984
276	0.00023345667627729984
497	0.00023345667627729984
364	0.00023345667627729984
972	0.00023345667627729984
439	0.00023345667627729984
484	0.00023345667627729984
495	0.00023345667627729984
739	0.00023345667627729984
648	0.00023345667627729984
549	0.00023345667627729984
949	0.00023345667627729984
953	0.00023345667627729984
979	0.00023345667627729984
644	0.00022178384246343484
946	0.00022178384246343484
964	0.00022178384246343484
947	0.00022178384246343484
384	0.00022178384246343484
649	0.00022178384246343484
977	0.00022178384246343484
839	0.00022178384246343484
892	0.00022178384246343484
958	0.00022178384246343484
697	0.00022178384246343484
981	0.00022178384246343484
392	0.00021011100864956985
595	0.00021011100864956985
971	0.00021011100864956985
671	0.00021011100864956985
795	0.00021011100864956985
893	0.00021011100864956985
597	0.00019843817483570486
692	0.00019843817483570486
994	0.00019843817483570486
976	0.00018676534102183987
734	0.00018676534102183987
479	0.00018676534102183987
676	0.00018676534102183987
973	0.00017509250720797488
498	0.00016341967339410988
491	0.0001517468395802449
792	0.0001517468395802449
959	0.0001517468395802449
944	0.0001400740057663799
