7708801314520	0.03355704697986577
1233211234567	0.011185682326621925
1234567890000	0.0044742729306487695
1234567890123	0.0044742729306487695
1234567891039	0.0044742729306487695
3141592653589	0.0044742729306487695
6935566322110	0.0044742729306487695
7708807080520	0.0044742729306487695
8945123456789	0.0044742729306487695
7132359691234	0.0044742729306487695
7418529630000	0.0044742729306487695
7665646576696	0.0022371364653243847
6577626567696	0.0022371364653243847
8492555665566	0.0022371364653243847
0102903280413	0.0022371364653243847
0120105890809	0.0022371364653243847
0122244036012	0.0022371364653243847
0123456789123	0.0022371364653243847
0226607600212	0.0022371364653243847
0381113212930	0.0022371364653243847
0384858788858	0.0022371364653243847
0436121861605	0.0022371364653243847
0505077141946	0.0022371364653243847
0605123770712	0.0022371364653243847
0774939521203	0.0022371364653243847
0808090938123	0.0022371364653243847
0814123106920	0.0022371364653243847
0889779697965	0.0022371364653243847
0897978690802	0.0022371364653243847
0910144468555	0.0022371364653243847
0910144468777	0.0022371364653243847
0910902672555	0.0022371364653243847
0910902672777	0.0022371364653243847
0916559579555	0.0022371364653243847
0917278050914	0.0022371364653243847
0919713570123	0.0022371364653243847
0920813737123	0.0022371364653243847
0921523607777	0.0022371364653243847
0926578826555	0.0022371364653243847
0928891511123	0.0022371364653243847
0929912152123	0.0022371364653243847
0932772167127	0.0022371364653243847
0934168105603	0.0022371364653243847
0936221892414	0.0022371364653243847
0938716850124	0.0022371364653243847
0939515873123	0.0022371364653243847
0952179700217	0.0022371364653243847
0955202535123	0.0022371364653243847
0960596969520	0.0022371364653243847
0966721411411	0.0022371364653243847
0968518971123	0.0022371364653243847
0988884523254	0.0022371364653243847
0989542683168	0.0022371364653243847
1015452000546	0.0022371364653243847
1098765432101	0.0022371364653243847
1098765432111	0.0022371364653243847
1100702206927	0.0022371364653243847
1108110815082	0.0022371364653243847
1111111111111	0.0022371364653243847
1115559998787	0.0022371364653243847
1117142181204	0.0022371364653243847
1122334455660	0.0022371364653243847
1203511050522	0.0022371364653243847
1205228559031	0.0022371364653243847
1219715657962	0.0022371364653243847
1223165888778	0.0022371364653243847
1230930578946	0.0022371364653243847
1231231234567	0.0022371364653243847
1233217654321	0.0022371364653243847
1233218905567	0.0022371364653243847
1234555556789	0.0022371364653243847
1234567890010	0.0022371364653243847
1234567890168	0.0022371364653243847
1234567891128	0.0022371364653243847
1234567891234	0.0022371364653243847
1234567891974	0.0022371364653243847
1244124216124	0.0022371364653243847
1252001245663	0.0022371364653243847
1258357625852	0.0022371364653243847
1265897659835	0.0022371364653243847
1308082151313	0.0022371364653243847
1312507181989	0.0022371364653243847
1314520209108	0.0022371364653243847
1314521770203	0.0022371364653243847
1357924681011	0.0022371364653243847
1431805463705	0.0022371364653243847
1591693173419	0.0022371364653243847
1593572468123	0.0022371364653243847
1593574849301	0.0022371364653243847
1596321456987	0.0022371364653243847
1796323530520	0.0022371364653243847
1974281654321	0.0022371364653243847
1978671125985	0.0022371364653243847
1984010116048	0.0022371364653243847
1985741224311	0.0022371364653243847
1988070467320	0.0022371364653243847
1988127235414	0.0022371364653243847
1991915051045	0.0022371364653243847
1992505987958	0.0022371364653243847
1998531416048	0.0022371364653243847
2004223621916	0.0022371364653243847
2008314080058	0.0022371364653243847
2010555521666	0.0022371364653243847
2216275277236	0.0022371364653243847
2258690991108	0.0022371364653243847
2307210581331	0.0022371364653243847
2338880604999	0.0022371364653243847
2461757879514	0.0022371364653243847
2528123456789	0.0022371364653243847
2569841025699	0.0022371364653243847
2601767112233	0.0022371364653243847
2603172720783	0.0022371364653243847
2643543257123	0.0022371364653243847
2746305791125	0.0022371364653243847
2812775578227	0.0022371364653243847
2821469184115	0.0022371364653243847
2876023583117	0.0022371364653243847
2991626178430	0.0022371364653243847
7442779730052	0.0022371364653243847
3055622119827	0.0022371364653243847
3113622311368	0.0022371364653243847
3131806120515	0.0022371364653243847
3153452031102	0.0022371364653243847
3215411261464	0.0022371364653243847
3231310800772	0.0022371364653243847
3516300397369	0.0022371364653243847
3586301036853	0.0022371364653243847
3857603897740	0.0022371364653243847
3986235841793	0.0022371364653243847
4061327228898	0.0022371364653243847
4221235518434	0.0022371364653243847
4625360951753	0.0022371364653243847
4652791388802	0.0022371364653243847
4710983126241	0.0022371364653243847
4714581400567	0.0022371364653243847
4717702046897	0.0022371364653243847
4924917459886	0.0022371364653243847
5005520002000	0.0022371364653243847
5130182027718	0.0022371364653243847
5201314761215	0.0022371364653243847
5205305825618	0.0022371364653243847
5211992810707	0.0022371364653243847
5212051171240	0.0022371364653243847
5334221234555	0.0022371364653243847
5353531243255	0.0022371364653243847
5354230682409	0.0022371364653243847
5541658123456	0.0022371364653243847
5555566666666	0.0022371364653243847
5566123456789	0.0022371364653243847
5692562017130	0.0022371364653243847
5824619911991	0.0022371364653243847
5864600000000	0.0022371364653243847
6092013145204	0.0022371364653243847
6480036355122	0.0022371364653243847
6511201000926	0.0022371364653243847
6529428806001	0.0022371364653243847
7242721816438	0.0022371364653243847
7533967691016	0.0022371364653243847
7539514568520	0.0022371364653243847
7610101018826	0.0022371364653243847
7654321123321	0.0022371364653243847
7705301314520	0.0022371364653243847
7708800800520	0.0022371364653243847
7708801314560	0.0022371364653243847
7708851314520	0.0022371364653243847
7711245566520	0.0022371364653243847
7717717777771	0.0022371364653243847
7758851314520	0.0022371364653243847
7782342956789	0.0022371364653243847
7804013848837	0.0022371364653243847
7812301234567	0.0022371364653243847
7854848654631	0.0022371364653243847
7891601810306	0.0022371364653243847
7894561230123	0.0022371364653243847
7894563551115	0.0022371364653243847
7898520185259	0.0022371364653243847
7899877894561	0.0022371364653243847
7911287810122	0.0022371364653243847
7912304830870	0.0022371364653243847
7913555604098	0.0022371364653243847
7953067630328	0.0022371364653243847
7222177852755	0.0022371364653243847
6388513779364	0.0022371364653243847
8001012872717	0.0022371364653243847
8002225625181	0.0022371364653243847
8011221232000	0.0022371364653243847
8041738103038	0.0022371364653243847
8072009131416	0.0022371364653243847
8079419560213	0.0022371364653243847
8104221234899	0.0022371364653243847
8301121215330	0.0022371364653243847
7221298945617	0.0022371364653243847
8412275566440	0.0022371364653243847
8481722037143	0.0022371364653243847
8501155921939	0.0022371364653243847
8524567193015	0.0022371364653243847
8526547539515	0.0022371364653243847
8528522582580	0.0022371364653243847
8602185186966	0.0022371364653243847
8613047596232	0.0022371364653243847
8634587930182	0.0022371364653243847
8706503232000	0.0022371364653243847
2979609348217	0.0022371364653243847
8807701314520	0.0022371364653243847
8853025736723	0.0022371364653243847
8898989888898	0.0022371364653243847
8904207319333	0.0022371364653243847
9000001000003	0.0022371364653243847
9107387475212	0.0022371364653243847
9108235840929	0.0022371364653243847
9110272010916	0.0022371364653243847
9157710403925	0.0022371364653243847
9204186452758	0.0022371364653243847
9381321587634	0.0022371364653243847
9586279302624	0.0022371364653243847
9632147850001	0.0022371364653243847
9746232060278	0.0022371364653243847
9789456456156	0.0022371364653243847
9852147369782	0.0022371364653243847
9876543210123	0.0022371364653243847
9876543210555	0.0022371364653243847
9876543210777	0.0022371364653243847
9895242610398	0.0022371364653243847
9988776654321	0.0022371364653243847
0166565644043	0.0022371364653243847
1284418688532	0.0022371364653243847
1597533101314	0.0022371364653243847
3617570753617	0.0022371364653243847
5454594831010	0.0022371364653243847
2247115891002	0.0022371364653243847
1518362102135	0.0022371364653243847
2065542821220	0.0022371364653243847
0910653464123	0.0022371364653243847
0000000000000	0.0022371364653243847
0000000000916	0.0022371364653243847
0147896325123	0.0022371364653243847
0800024099309	0.0022371364653243847
0818224416892	0.0022371364653243847
0910101059777	0.0022371364653243847
0917597288311	0.0022371364653243847
0956016115520	0.0022371364653243847
0989887876354	0.0022371364653243847
1001001114567	0.0022371364653243847
1024332910119	0.0022371364653243847
1080323345521	0.0022371364653243847
1091172138645	0.0022371364653243847
1234555520001	0.0022371364653243847
1234562098314	0.0022371364653243847
1234567893607	0.0022371364653243847
1235861521234	0.0022371364653243847
1252552010533	0.0022371364653243847
1260326560226	0.0022371364653243847
1323334353123	0.0022371364653243847
1403011230000	0.0022371364653243847
1478523692003	0.0022371364653243847
1879514358555	0.0022371364653243847
1988052231931	0.0022371364653243847
2099292929292	0.0022371364653243847
2182638562232	0.0022371364653243847
2253820060406	0.0022371364653243847
2256292862638	0.0022371364653243847
2266673117410	0.0022371364653243847
2285470180420	0.0022371364653243847
2285528956566	0.0022371364653243847
2538922350003	0.0022371364653243847
2589131512345	0.0022371364653243847
3020120012001	0.0022371364653243847
3831234567890	0.0022371364653243847
5060719940903	0.0022371364653243847
6318631883929	0.0022371364653243847
7875486182514	0.0022371364653243847
8110223212227	0.0022371364653243847
8302165553292	0.0022371364653243847
8505171006918	0.0022371364653243847
8707110518115	0.0022371364653243847
9084229610430	0.0022371364653243847
9481169160931	0.0022371364653243847
9575097098417	0.0022371364653243847
9710012455022	0.0022371364653243847
1234569613777	0.0022371364653243847
5263437125125	0.0022371364653243847
4710088410337	0.0022371364653243847
0825115190000	0.0022371364653243847
5274352052989	0.0022371364653243847
1132039803311	0.0022371364653243847
1223898600620	0.0022371364653243847
1224092176194	0.0022371364653243847
1236987450921	0.0022371364653243847
2004791208123	0.0022371364653243847
9517538524560	0.0022371364653243847
0985714703289	0.0022371364653243847
4022952040203	0.0022371364653243847
4489486950098	0.0022371364653243847
2283551045104	0.0022371364653243847
2446184365093	0.0022371364653243847
4016159701248	0.0022371364653243847
9112411223344	0.0022371364653243847
1133056831921	0.0022371364653243847
9502319211807	0.0022371364653243847
0912604939123	0.0022371364653243847
0939927770718	0.0022371364653243847
1146989215169	0.0022371364653243847
1297172457245	0.0022371364653243847
2481320222632	0.0022371364653243847
0010911323375	0.0022371364653243847
5201314770211	0.0022371364653243847
1221939582000	0.0022371364653243847
0806449306308	0.0022371364653243847
1213660924538	0.0022371364653243847
1234567895648	0.0022371364653243847
1236645551337	0.0022371364653243847
1236645552000	0.0022371364653243847
2240834850125	0.0022371364653243847
2451873860522	0.0022371364653243847
6854310492761	0.0022371364653243847
0935375519080	0.0022371364653243847
0925099498254	0.0022371364653243847
0932333473210	0.0022371364653243847
1220872242000	0.0022371364653243847
2309734670708	0.0022371364653243847
4989590468560	0.0022371364653243847
4989590759850	0.0022371364653243847
6122984424123	0.0022371364653243847
9115419951005	0.0022371364653243847
9550771311337	0.0022371364653243847
5825421562432	0.0022371364653243847
6119612741275	0.0022371364653243847
5718603071102	0.0022371364653243847
0939030266221	0.0022371364653243847
1525232525804	0.0022371364653243847
0918361268331	0.0022371364653243847
2215884031029	0.0022371364653243847
2861847861018	0.0022371364653243847
7652010243399	0.0022371364653243847
8919320051337	0.0022371364653243847
8981091040157	0.0022371364653243847
1598753698741	0.0022371364653243847
7705201234567	0.0022371364653243847
7856120002000	0.0022371364653243847
0963040921123	0.0022371364653243847
1211265907777	0.0022371364653243847
1220431302317	0.0022371364653243847
2236108281202	0.0022371364653243847
2252640392000	0.0022371364653243847
3875612532179	0.0022371364653243847
8041575732881	0.0022371364653243847
2282944910310	0.0022371364653243847
1597537272520	0.0022371364653243847
2584569515650	0.0022371364653243847
1052952010529	0.0022371364653243847
1314520520520	0.0022371364653243847
2191893201101	0.0022371364653243847
5970308350629	0.0022371364653243847
7654321234567	0.0022371364653243847
8307220878851	0.0022371364653243847
8811760411129	0.0022371364653243847
4712048900216	0.0022371364653243847
5182745272746	0.0022371364653243847
5236987415236	0.0022371364653243847
7236949100847	0.0022371364653243847
1236002683006	0.0022371364653243847
1745620002000	0.0022371364653243847
0463786087085	0.0022371364653243847
0919366768319	0.0022371364653243847
1240401085221	0.0022371364653243847
9876543212005	0.0022371364653243847
1230939011756	0.0022371364653243847
5205303344415	0.0022371364653243847
7417862198423	0.0022371364653243847
0917615707123	0.0022371364653243847
1242124361105	0.0022371364653243847
9403232759123	0.0022371364653243847
0981096963123	0.0022371364653243847
0983698135123	0.0022371364653243847
1235731550120	0.0022371364653243847
1245822012321	0.0022371364653243847
2452666060431	0.0022371364653243847
3445474306123	0.0022371364653243847
4710177088416	0.0022371364653243847
4710290041060	0.0022371364653243847
4902505215360	0.0022371364653243847
5149085746974	0.0022371364653243847
5412122057027	0.0022371364653243847
7233452039456	0.0022371364653243847
8700021250713	0.0022371364653243847
8826188261315	0.0022371364653243847
9023784615567	0.0022371364653243847
9200328510284	0.0022371364653243847
9988774028579	0.0022371364653243847
0901128890125	0.0022371364653243847
8150898301031	0.0022371364653243847
1222009240416	0.0022371364653243847
5003111988005	0.0022371364653243847
1124539119350	0.0022371364653243847
0226911895123	0.0022371364653243847
0953427806789	0.0022371364653243847
0953666389113	0.0022371364653243847
4710193881527	0.0022371364653243847
0531032952011	0.0022371364653243847
6013284488448	0.0022371364653243847
3835319590520	0.0022371364653243847
3856428475864	0.0022371364653243847
1231598066024	0.0022371364653243847
7777777890033	0.0022371364653243847
1061519232005	0.0022371364653243847
9632587410963	0.0022371364653243847
1031352010322	0.0022371364653243847
1295063761029	0.0022371364653243847
1132291650010	0.0022371364653243847
0925481013123	0.0022371364653243847
0925481013555	0.0022371364653243847
0926857468123	0.0022371364653243847
0930993096123	0.0022371364653243847
0960734182057	0.0022371364653243847
1123456789090	0.0022371364653243847
3037725574972	0.0022371364653243847
8228686107401	0.0022371364653243847
9887654332003	0.0022371364653243847
1426142620516	0.0022371364653243847
6554359979501	0.0022371364653243847
