12345678910	0.007428807263722658
85245671930	0.0033016921172100704
87071105181	0.002888980602558811
12345678900	0.0020635575732562937
09123456789	0.0016508460586050352
13579246810	0.0016508460586050352
88010612005	0.0016508460586050352
12345678901	0.0012381345439537762
36089403123	0.0012381345439537762
98765432100	0.0012381345439537762
01234567890	0.0008254230293025176
09876543210	0.0008254230293025176
10279571394	0.0008254230293025176
10987654321	0.0008254230293025176
11111111111	0.0008254230293025176
12345654321	0.0008254230293025176
12345685246	0.0008254230293025176
12745350600	0.0008254230293025176
19918011011	0.0008254230293025176
22238352030	0.0008254230293025176
34551741968	0.0008254230293025176
51215257521	0.0008254230293025176
51623989609	0.0008254230293025176
52013140118	0.0008254230293025176
52013141314	0.0008254230293025176
70801314520	0.0008254230293025176
78945612300	0.0008254230293025176
82102780413	0.0008254230293025176
84316173173	0.0008254230293025176
85641654138	0.0008254230293025176
88063040129	0.0008254230293025176
95175386420	0.0008254230293025176
06330371414	0.0008254230293025176
09535620413	0.0008254230293025176
10207181227	0.0008254230293025176
19867575123	0.0008254230293025176
10372872508	0.0008254230293025176
03051020111	0.0008254230293025176
87121251223	0.0008254230293025176
23698547188	0.0008254230293025176
02084674123	0.0008254230293025176
80912666207	0.0008254230293025176
95273345678	0.0008254230293025176
31025000375	0.0008254230293025176
61828431608	0.0008254230293025176
78032920602	0.0004127115146512588
68617070793	0.0004127115146512588
32139313233	0.0004127115146512588
00000000001	0.0004127115146512588
00000111112	0.0004127115146512588
00007890000	0.0004127115146512588
00018860203	0.0004127115146512588
00110443667	0.0004127115146512588
00123456789	0.0004127115146512588
00131452018	0.0004127115146512588
00229310421	0.0004127115146512588
00283530920	0.0004127115146512588
00309311512	0.0004127115146512588
00323256258	0.0004127115146512588
00580771015	0.0004127115146512588
00582155968	0.0004127115146512588
00916427957	0.0004127115146512588
00926312042	0.0004127115146512588
00929618468	0.0004127115146512588
00931969645	0.0004127115146512588
00961189390	0.0004127115146512588
00999321321	0.0004127115146512588
01029432943	0.0004127115146512588
01037837030	0.0004127115146512588
01123581321	0.0004127115146512588
01127215872	0.0004127115146512588
01211314520	0.0004127115146512588
01225892490	0.0004127115146512588
01234543210	0.0004127115146512588
01234569123	0.0004127115146512588
01237894560	0.0004127115146512588
01260628520	0.0004127115146512588
01260868421	0.0004127115146512588
01261314520	0.0004127115146512588
01288210777	0.0004127115146512588
01338305036	0.0004127115146512588
01435730215	0.0004127115146512588
01456366144	0.0004127115146512588
01470258369	0.0004127115146512588
01511714123	0.0004127115146512588
01511714555	0.0004127115146512588
01511714777	0.0004127115146512588
01512102401	0.0004127115146512588
01548792005	0.0004127115146512588
01599632478	0.0004127115146512588
01645833992	0.0004127115146512588
01716519118	0.0004127115146512588
02040007788	0.0004127115146512588
02040886449	0.0004127115146512588
02042121925	0.0004127115146512588
02042282510	0.0004127115146512588
02044374410	0.0004127115146512588
02045201314	0.0004127115146512588
02047690088	0.0004127115146512588
02047979779	0.0004127115146512588
02047995421	0.0004127115146512588
02048177818	0.0004127115146512588
02051314789	0.0004127115146512588
02105030418	0.0004127115146512588
02128388879	0.0004127115146512588
02200430671	0.0004127115146512588
02212771430	0.0004127115146512588
02249608533	0.0004127115146512588
02450330515	0.0004127115146512588
02789133299	0.0004127115146512588
02827317381	0.0004127115146512588
02827317382	0.0004127115146512588
03001503839	0.0004127115146512588
03004534236	0.0004127115146512588
03020415412	0.0004127115146512588
03024024420	0.0004127115146512588
03040888895	0.0004127115146512588
03124241001	0.0004127115146512588
03130805123	0.0004127115146512588
03167259260	0.0004127115146512588
03212104804	0.0004127115146512588
03230503622	0.0004127115146512588
03287497471	0.0004127115146512588
03289753004	0.0004127115146512588
03290329123	0.0004127115146512588
03290329777	0.0004127115146512588
03307938387	0.0004127115146512588
03452818802	0.0004127115146512588
03494686628	0.0004127115146512588
03536700584	0.0004127115146512588
03583181217	0.0004127115146512588
03755936271	0.0004127115146512588
03775894815	0.0004127115146512588
03866405315	0.0004127115146512588
03950661223	0.0004127115146512588
03950919201	0.0004127115146512588
04104835852	0.0004127115146512588
04130618123	0.0004127115146512588
04170225520	0.0004127115146512588
04189115941	0.0004127115146512588
04210417520	0.0004127115146512588
04263033377	0.0004127115146512588
04277023123	0.0004127115146512588
04399873477	0.0004127115146512588
04719783123	0.0004127115146512588
04962259233	0.0004127115146512588
05003300392	0.0004127115146512588
05072737335	0.0004127115146512588
05118617606	0.0004127115146512588
05123462395	0.0004127115146512588
05138750419	0.0004127115146512588
05162571869	0.0004127115146512588
05165201114	0.0004127115146512588
05168770924	0.0004127115146512588
05190506520	0.0004127115146512588
05231226434	0.0004127115146512588
05237722800	0.0004127115146512588
05246543520	0.0004127115146512588
05252850221	0.0004127115146512588
05285051124	0.0004127115146512588
05582138115	0.0004127115146512588
05668512113	0.0004127115146512588
05945903245	0.0004127115146512588
05947670805	0.0004127115146512588
06065995410	0.0004127115146512588
06076991998	0.0004127115146512588
06083022512	0.0004127115146512588
06125362758	0.0004127115146512588
06127506749	0.0004127115146512588
06129214360	0.0004127115146512588
06161021123	0.0004127115146512588
06199630123	0.0004127115146512588
06199630555	0.0004127115146512588
06199630777	0.0004127115146512588
06210717520	0.0004127115146512588
06300118520	0.0004127115146512588
06767808662	0.0004127115146512588
06886565779	0.0004127115146512588
07010059476	0.0004127115146512588
07051437070	0.0004127115146512588
07061219777	0.0004127115146512588
07067524711	0.0004127115146512588
07073315253	0.0004127115146512588
07091050709	0.0004127115146512588
07124398897	0.0004127115146512588
07147711697	0.0004127115146512588
07275201314	0.0004127115146512588
07315201314	0.0004127115146512588
07331271670	0.0004127115146512588
07348584121	0.0004127115146512588
07397451941	0.0004127115146512588
07443599552	0.0004127115146512588
07463234485	0.0004127115146512588
07575389333	0.0004127115146512588
07695624326	0.0004127115146512588
07700331061	0.0004127115146512588
07785711728	0.0004127115146512588
07861223348	0.0004127115146512588
07925277369	0.0004127115146512588
07926920599	0.0004127115146512588
07948352617	0.0004127115146512588
08000204123	0.0004127115146512588
08003145792	0.0004127115146512588
08003838338	0.0004127115146512588
08008486886	0.0004127115146512588
08010727520	0.0004127115146512588
08032880865	0.0004127115146512588
08034238898	0.0004127115146512588
08054677902	0.0004127115146512588
08064451290	0.0004127115146512588
08064490803	0.0004127115146512588
08064495566	0.0004127115146512588
08120561584	0.0004127115146512588
08135200627	0.0004127115146512588
08135560956	0.0004127115146512588
08163125007	0.0004127115146512588
08223192065	0.0004127115146512588
08527852469	0.0004127115146512588
08574830603	0.0004127115146512588
08600232321	0.0004127115146512588
08802001555	0.0004127115146512588
08802587101	0.0004127115146512588
08866420687	0.0004127115146512588
09055307722	0.0004127115146512588
09101129390	0.0004127115146512588
09101444681	0.0004127115146512588
09106870841	0.0004127115146512588
09108067130	0.0004127115146512588
09109026720	0.0004127115146512588
09116323147	0.0004127115146512588
09117928133	0.0004127115146512588
09118178833	0.0004127115146512588
09119271006	0.0004127115146512588
09121662212	0.0004127115146512588
09122621226	0.0004127115146512588
09122887923	0.0004127115146512588
09123628833	0.0004127115146512588
09123877897	0.0004127115146512588
09125888915	0.0004127115146512588
09128728192	0.0004127115146512588
09129129129	0.0004127115146512588
09143161161	0.0004127115146512588
09150156665	0.0004127115146512588
09157132167	0.0004127115146512588
09163356467	0.0004127115146512588
09166127900	0.0004127115146512588
09170720777	0.0004127115146512588
09178428181	0.0004127115146512588
09190913541	0.0004127115146512588
09191191511	0.0004127115146512588
09196040090	0.0004127115146512588
09196799888	0.0004127115146512588
09199506155	0.0004127115146512588
09201006123	0.0004127115146512588
09202092215	0.0004127115146512588
09211990531	0.0004127115146512588
09212542899	0.0004127115146512588
09215782814	0.0004127115146512588
09224333191	0.0004127115146512588
09224808212	0.0004127115146512588
09227132008	0.0004127115146512588
09250780951	0.0004127115146512588
09268471511	0.0004127115146512588
09278199200	0.0004127115146512588
09278707732	0.0004127115146512588
09288024123	0.0004127115146512588
09291106123	0.0004127115146512588
09291106555	0.0004127115146512588
09295292003	0.0004127115146512588
09299123654	0.0004127115146512588
09301461061	0.0004127115146512588
09311657380	0.0004127115146512588
09319696451	0.0004127115146512588
09319696455	0.0004127115146512588
09332660427	0.0004127115146512588
09333210233	0.0004127115146512588
09333317600	0.0004127115146512588
09333525071	0.0004127115146512588
09333679749	0.0004127115146512588
09333770191	0.0004127115146512588
09334458885	0.0004127115146512588
09334717116	0.0004127115146512588
09340751500	0.0004127115146512588
09355242267	0.0004127115146512588
09361903422	0.0004127115146512588
09362035280	0.0004127115146512588
09362218924	0.0004127115146512588
09363690938	0.0004127115146512588
09383731290	0.0004127115146512588
09391152131	0.0004127115146512588
09391264978	0.0004127115146512588
09396611211	0.0004127115146512588
09501235807	0.0004127115146512588
09532470981	0.0004127115146512588
09532634789	0.0004127115146512588
09559637766	0.0004127115146512588
09581728471	0.0004127115146512588
09604458485	0.0004127115146512588
09605985685	0.0004127115146512588
09632326911	0.0004127115146512588
09710261229	0.0004127115146512588
09723291851	0.0004127115146512588
09723395315	0.0004127115146512588
09762452377	0.0004127115146512588
09772283200	0.0004127115146512588
09788602620	0.0004127115146512588
09804398977	0.0004127115146512588
09817314239	0.0004127115146512588
09830987654	0.0004127115146512588
09832197241	0.0004127115146512588
09865277885	0.0004127115146512588
09878267290	0.0004127115146512588
09881231231	0.0004127115146512588
09881234567	0.0004127115146512588
10036608778	0.0004127115146512588
10051123831	0.0004127115146512588
10085019143	0.0004127115146512588
10101889999	0.0004127115146512588
10110101101	0.0004127115146512588
10130808520	0.0004127115146512588
10131790820	0.0004127115146512588
10135200420	0.0004127115146512588
10147960629	0.0004127115146512588
10155201314	0.0004127115146512588
10165201314	0.0004127115146512588
10180102777	0.0004127115146512588
10201121123	0.0004127115146512588
10201121555	0.0004127115146512588
10201121777	0.0004127115146512588
10201226123	0.0004127115146512588
10203040560	0.0004127115146512588
10204300924	0.0004127115146512588
10208195919	0.0004127115146512588
10210010210	0.0004127115146512588
10211012951	0.0004127115146512588
10215220477	0.0004127115146512588
10328401691	0.0004127115146512588
10347412429	0.0004127115146512588
10403150133	0.0004127115146512588
10594265566	0.0004127115146512588
10631910724	0.0004127115146512588
10806448123	0.0004127115146512588
10806448777	0.0004127115146512588
10905041229	0.0004127115146512588
10974332675	0.0004127115146512588
11013211026	0.0004127115146512588
11020629456	0.0004127115146512588
11050607520	0.0004127115146512588
11091021520	0.0004127115146512588
11120926520	0.0004127115146512588
11123705398	0.0004127115146512588
11125200313	0.0004127115146512588
11125205531	0.0004127115146512588
11191236789	0.0004127115146512588
11201180465	0.0004127115146512588
11217350224	0.0004127115146512588
11223300123	0.0004127115146512588
11223320105	0.0004127115146512588
11223344567	0.0004127115146512588
11223354321	0.0004127115146512588
11235301123	0.0004127115146512588
11246796355	0.0004127115146512588
11320155260	0.0004127115146512588
11337799555	0.0004127115146512588
11405980411	0.0004127115146512588
11419213037	0.0004127115146512588
11444111444	0.0004127115146512588
11493992967	0.0004127115146512588
11591127310	0.0004127115146512588
11623168495	0.0004127115146512588
11809794222	0.0004127115146512588
11958484688	0.0004127115146512588
12012012033	0.0004127115146512588
12045200213	0.0004127115146512588
12061206777	0.0004127115146512588
12098925081	0.0004127115146512588
12122002126	0.0004127115146512588
12123123456	0.0004127115146512588
12123636012	0.0004127115146512588
12125342214	0.0004127115146512588
12153449999	0.0004127115146512588
12195711600	0.0004127115146512588
12212287925	0.0004127115146512588
12227653721	0.0004127115146512588
12227746333	0.0004127115146512588
12230418555	0.0004127115146512588
12233344449	0.0004127115146512588
12237896363	0.0004127115146512588
12283871887	0.0004127115146512588
12304560789	0.0004127115146512588
12312312300	0.0004127115146512588
12312312321	0.0004127115146512588
12312378900	0.0004127115146512588
12312385321	0.0004127115146512588
12314715986	0.0004127115146512588
12321123210	0.0004127115146512588
12321232123	0.0004127115146512588
12324096777	0.0004127115146512588
12326745009	0.0004127115146512588
12329521623	0.0004127115146512588
12332112345	0.0004127115146512588
12332154321	0.0004127115146512588
12340000001	0.0004127115146512588
12341478777	0.0004127115146512588
12345123123	0.0004127115146512588
12345123555	0.0004127115146512588
12345123777	0.0004127115146512588
12345612345	0.0004127115146512588
12345613579	0.0004127115146512588
12345640701	0.0004127115146512588
12345676543	0.0004127115146512588
12345677890	0.0004127115146512588
12345678009	0.0004127115146512588
12345678123	0.0004127115146512588
12345678200	0.0004127115146512588
12345678902	0.0004127115146512588
12345678907	0.0004127115146512588
12345678912	0.0004127115146512588
12345678915	0.0004127115146512588
12345678934	0.0004127115146512588
12345678937	0.0004127115146512588
12345678985	0.0004127115146512588
12345678999	0.0004127115146512588
12348825123	0.0004127115146512588
12352714337	0.0004127115146512588
12357891012	0.0004127115146512588
12358147836	0.0004127115146512588
12364045482	0.0004127115146512588
12365478963	0.0004127115146512588
12367891974	0.0004127115146512588
12385621500	0.0004127115146512588
12388449207	0.0004127115146512588
12406953811	0.0004127115146512588
12406953819	0.0004127115146512588
12512512563	0.0004127115146512588
12535977420	0.0004127115146512588
12547896321	0.0004127115146512588
12587170345	0.0004127115146512588
12592873823	0.0004127115146512588
12595935915	0.0004127115146512588
12689089500	0.0004127115146512588
12736001979	0.0004127115146512588
12783027223	0.0004127115146512588
12809007013	0.0004127115146512588
12884064525	0.0004127115146512588
12968553196	0.0004127115146512588
13013787029	0.0004127115146512588
13032956488	0.0004127115146512588
13058525694	0.0004127115146512588
13078968641	0.0004127115146512588
13112329798	0.0004127115146512588
13122250534	0.0004127115146512588
13141314520	0.0004127115146512588
13145200324	0.0004127115146512588
13145200827	0.0004127115146512588
13145200830	0.0004127115146512588
13145201123	0.0004127115146512588
13145201220	0.0004127115146512588
13145245184	0.0004127115146512588
13145753572	0.0004127115146512588
13148553654	0.0004127115146512588
13148642088	0.0004127115146512588
13149406418	0.0004127115146512588
13208311326	0.0004127115146512588
13213246658	0.0004127115146512588
13215160133	0.0004127115146512588
13246613734	0.0004127115146512588
13276132789	0.0004127115146512588
13340826835	0.0004127115146512588
13377620821	0.0004127115146512588
13398762599	0.0004127115146512588
13405105075	0.0004127115146512588
13405951534	0.0004127115146512588
13410497260	0.0004127115146512588
13413413445	0.0004127115146512588
13415918088	0.0004127115146512588
13437321701	0.0004127115146512588
13450685146	0.0004127115146512588
13451789577	0.0004127115146512588
13466509094	0.0004127115146512588
13467900123	0.0004127115146512588
13467985202	0.0004127115146512588
13477859252	0.0004127115146512588
13480044501	0.0004127115146512588
13501871239	0.0004127115146512588
13522941168	0.0004127115146512588
13530262002	0.0004127115146512588
13532924235	0.0004127115146512588
13533702836	0.0004127115146512588
13535794315	0.0004127115146512588
13537840048	0.0004127115146512588
13540099028	0.0004127115146512588
13543746556	0.0004127115146512588
13544901376	0.0004127115146512588
13547450591	0.0004127115146512588
13553357374	0.0004127115146512588
13560867044	0.0004127115146512588
13572468002	0.0004127115146512588
13579112334	0.0004127115146512588
13581906673	0.0004127115146512588
13589031180	0.0004127115146512588
13601925979	0.0004127115146512588
13602037498	0.0004127115146512588
13609664486	0.0004127115146512588
13610152128	0.0004127115146512588
13611613566	0.0004127115146512588
13612853319	0.0004127115146512588
13616288219	0.0004127115146512588
13626071519	0.0004127115146512588
13631709513	0.0004127115146512588
13636425925	0.0004127115146512588
13641939982	0.0004127115146512588
13646228335	0.0004127115146512588
13650339887	0.0004127115146512588
13657797811	0.0004127115146512588
13661492815	0.0004127115146512588
13662966266	0.0004127115146512588
13665839772	0.0004127115146512588
13691755019	0.0004127115146512588
13701074837	0.0004127115146512588
13701413637	0.0004127115146512588
13711797724	0.0004127115146512588
13712833469	0.0004127115146512588
13717919222	0.0004127115146512588
13726009486	0.0004127115146512588
13726223801	0.0004127115146512588
13727026532	0.0004127115146512588
13727325736	0.0004127115146512588
13729998253	0.0004127115146512588
13751356939	0.0004127115146512588
13764222019	0.0004127115146512588
13771090879	0.0004127115146512588
13771775877	0.0004127115146512588
13771815022	0.0004127115146512588
13773188749	0.0004127115146512588
13776015792	0.0004127115146512588
13776309704	0.0004127115146512588
13776325533	0.0004127115146512588
13776343217	0.0004127115146512588
13778025062	0.0004127115146512588
13781996583	0.0004127115146512588
13786745975	0.0004127115146512588
13790143880	0.0004127115146512588
13795478543	0.0004127115146512588
13809642873	0.0004127115146512588
13810168675	0.0004127115146512588
13813620168	0.0004127115146512588
13817246881	0.0004127115146512588
13823658568	0.0004127115146512588
13824609576	0.0004127115146512588
13825764870	0.0004127115146512588
13829102402	0.0004127115146512588
13829980231	0.0004127115146512588
13856234772	0.0004127115146512588
13858524160	0.0004127115146512588
13872513736	0.0004127115146512588
13908226996	0.0004127115146512588
13911339485	0.0004127115146512588
13912668320	0.0004127115146512588
13912679673	0.0004127115146512588
13912727712	0.0004127115146512588
13913500106	0.0004127115146512588
13914979970	0.0004127115146512588
13915557052	0.0004127115146512588
13917574500	0.0004127115146512588
13921168060	0.0004127115146512588
13922902160	0.0004127115146512588
13922927879	0.0004127115146512588
13924587890	0.0004127115146512588
13924622267	0.0004127115146512588
13926883742	0.0004127115146512588
13928793898	0.0004127115146512588
13935042298	0.0004127115146512588
13951181676	0.0004127115146512588
13959845250	0.0004127115146512588
13960904776	0.0004127115146512588
13970076810	0.0004127115146512588
13977114201	0.0004127115146512588
13985040217	0.0004127115146512588
13992255949	0.0004127115146512588
13996102938	0.0004127115146512588
14011314518	0.0004127115146512588
14040510526	0.0004127115146512588
14251314520	0.0004127115146512588
14312926518	0.0004127115146512588
14526252410	0.0004127115146512588
14701470147	0.0004127115146512588
14702580369	0.0004127115146512588
14753695123	0.0004127115146512588
14789632525	0.0004127115146512588
14789632580	0.0004127115146512588
14789633212	0.0004127115146512588
14871487553	0.0004127115146512588
14916253649	0.0004127115146512588
15000298733	0.0004127115146512588
15009810629	0.0004127115146512588
15013280061	0.0004127115146512588
15015154868	0.0004127115146512588
15021387958	0.0004127115146512588
15023131977	0.0004127115146512588
15049212609	0.0004127115146512588
15079037745	0.0004127115146512588
15112484011	0.0004127115146512588
15151718399	0.0004127115146512588
15168688122	0.0004127115146512588
15168688155	0.0004127115146512588
15170261731	0.0004127115146512588
15181691420	0.0004127115146512588
15228754055	0.0004127115146512588
15231523123	0.0004127115146512588
15297879912	0.0004127115146512588
15307695459	0.0004127115146512588
15345382325	0.0004127115146512588
15349587439	0.0004127115146512588
15362618031	0.0004127115146512588
15421542123	0.0004127115146512588
15675698423	0.0004127115146512588
15800331667	0.0004127115146512588
15820331441	0.0004127115146512588
15851812170	0.0004127115146512588
15885880777	0.0004127115146512588
15899783152	0.0004127115146512588
15926383825	0.0004127115146512588
15948852369	0.0004127115146512588
15958808342	0.0004127115146512588
15975345600	0.0004127115146512588
15975348123	0.0004127115146512588
15975385246	0.0004127115146512588
15975394495	0.0004127115146512588
15977905458	0.0004127115146512588
15987532147	0.0004127115146512588
16075517026	0.0004127115146512588
16141525777	0.0004127115146512588
16154972925	0.0004127115146512588
16221121204	0.0004127115146512588
16221121216	0.0004127115146512588
16223540640	0.0004127115146512588
16409413191	0.0004127115146512588
16530573007	0.0004127115146512588
16734985201	0.0004127115146512588
16742303011	0.0004127115146512588
16816816888	0.0004127115146512588
16822630366	0.0004127115146512588
17123698745	0.0004127115146512588
17220681678	0.0004127115146512588
17317319864	0.0004127115146512588
17586430226	0.0004127115146512588
17921520886	0.0004127115146512588
17935690927	0.0004127115146512588
38797211526	0.0004127115146512588
18155795159	0.0004127115146512588
18223313338	0.0004127115146512588
18223920388	0.0004127115146512588
18369668531	0.0004127115146512588
18759291526	0.0004127115146512588
18818818822	0.0004127115146512588
18888888881	0.0004127115146512588
18912115090	0.0004127115146512588
53877871814	0.0004127115146512588
19028522154	0.0004127115146512588
19123302754	0.0004127115146512588
19133122968	0.0004127115146512588
19222141777	0.0004127115146512588
19541402661	0.0004127115146512588
19686115868	0.0004127115146512588
19689201900	0.0004127115146512588
19721118028	0.0004127115146512588
19748164200	0.0004127115146512588
19750313123	0.0004127115146512588
19751123168	0.0004127115146512588
19790814324	0.0004127115146512588
19792215390	0.0004127115146512588
19800527123	0.0004127115146512588
19806911777	0.0004127115146512588
19810219123	0.0004127115146512588
19818663671	0.0004127115146512588
19820118123	0.0004127115146512588
19820118555	0.0004127115146512588
19820826123	0.0004127115146512588
19821026147	0.0004127115146512588
19821026456	0.0004127115146512588
19821027123	0.0004127115146512588
19830822777	0.0004127115146512588
19831218777	0.0004127115146512588
19840228520	0.0004127115146512588
19841125103	0.0004127115146512588
19841982121	0.0004127115146512588
19850716323	0.0004127115146512588
19851082103	0.0004127115146512588
19857472834	0.0004127115146512588
19858194677	0.0004127115146512588
19860729123	0.0004127115146512588
19860730555	0.0004127115146512588
19862201219	0.0004127115146512588
19870225407	0.0004127115146512588
19870412123	0.0004127115146512588
19870614555	0.0004127115146512588
19870614777	0.0004127115146512588
19870708249	0.0004127115146512588
19871072003	0.0004127115146512588
19871987404	0.0004127115146512588
19872131020	0.0004127115146512588
19874130623	0.0004127115146512588
19880623623	0.0004127115146512588
19880709777	0.0004127115146512588
19881020149	0.0004127115146512588
19881121324	0.0004127115146512588
19885261024	0.0004127115146512588
19887766660	0.0004127115146512588
19887770120	0.0004127115146512588
19889240651	0.0004127115146512588
19890711555	0.0004127115146512588
19890921783	0.0004127115146512588
19891031826	0.0004127115146512588
19897810706	0.0004127115146512588
19901221555	0.0004127115146512588
19903353001	0.0004127115146512588
19907981823	0.0004127115146512588
19908051411	0.0004127115146512588
19921219510	0.0004127115146512588
19922003891	0.0004127115146512588
19940401555	0.0004127115146512588
19941230305	0.0004127115146512588
19945241479	0.0004127115146512588
19950612438	0.0004127115146512588
19950630424	0.0004127115146512588
19952008112	0.0004127115146512588
19980602900	0.0004127115146512588
20002266810	0.0004127115146512588
20023505750	0.0004127115146512588
20040719251	0.0004127115146512588
20065690828	0.0004127115146512588
20070128123	0.0004127115146512588
20100926113	0.0004127115146512588
20124650004	0.0004127115146512588
20129441494	0.0004127115146512588
20131020520	0.0004127115146512588
20132123160	0.0004127115146512588
20136055011	0.0004127115146512588
20140124520	0.0004127115146512588
20140915520	0.0004127115146512588
20188651913	0.0004127115146512588
20204130409	0.0004127115146512588
20215202215	0.0004127115146512588
20220375628	0.0004127115146512588
20231810545	0.0004127115146512588
20304568917	0.0004127115146512588
20405133132	0.0004127115146512588
20426201158	0.0004127115146512588
20432171507	0.0004127115146512588
20488824021	0.0004127115146512588
20490030601	0.0004127115146512588
20905013022	0.0004127115146512588
21016090240	0.0004127115146512588
21038760725	0.0004127115146512588
21105221121	0.0004127115146512588
21511900527	0.0004127115146512588
21613111028	0.0004127115146512588
21802180218	0.0004127115146512588
22050895518	0.0004127115146512588
22067936555	0.0004127115146512588
22067936777	0.0004127115146512588
22121175396	0.0004127115146512588
22123833777	0.0004127115146512588
22246237969	0.0004127115146512588
22318770824	0.0004127115146512588
22339004913	0.0004127115146512588
22340945200	0.0004127115146512588
22344442203	0.0004127115146512588
22345678901	0.0004127115146512588
22365277123	0.0004127115146512588
22373259628	0.0004127115146512588
22389392165	0.0004127115146512588
22411250116	0.0004127115146512588
22504932222	0.0004127115146512588
22760326777	0.0004127115146512588
22763210185	0.0004127115146512588
22764016123	0.0004127115146512588
22808141216	0.0004127115146512588
22889977777	0.0004127115146512588
22912218123	0.0004127115146512588
23010060123	0.0004127115146512588
23031226555	0.0004127115146512588
23031226777	0.0004127115146512588
23068080512	0.0004127115146512588
23095837741	0.0004127115146512588
23205656211	0.0004127115146512588
23206816456	0.0004127115146512588
23212243123	0.0004127115146512588
23212243777	0.0004127115146512588
23213641107	0.0004127115146512588
23366351777	0.0004127115146512588
23456457890	0.0004127115146512588
23459421613	0.0004127115146512588
23491530000	0.0004127115146512588
23503470902	0.0004127115146512588
23626560555	0.0004127115146512588
23630417444	0.0004127115146512588
23637822123	0.0004127115146512588
23637822555	0.0004127115146512588
23637822777	0.0004127115146512588
23678228825	0.0004127115146512588
24686409119	0.0004127115146512588
24728184123	0.0004127115146512588
24837881789	0.0004127115146512588
25251397852	0.0004127115146512588
25289580123	0.0004127115146512588
25503236538	0.0004127115146512588
25527148963	0.0004127115146512588
25581420555	0.0004127115146512588
25637101272	0.0004127115146512588
25677208520	0.0004127115146512588
25814736901	0.0004127115146512588
26007617310	0.0004127115146512588
26162591217	0.0004127115146512588
26317242555	0.0004127115146512588
26342634104	0.0004127115146512588
26413007321	0.0004127115146512588
26436123479	0.0004127115146512588
26458589948	0.0004127115146512588
26512855566	0.0004127115146512588
26527875163	0.0004127115146512588
26533858758	0.0004127115146512588
26562115666	0.0004127115146512588
26786373000	0.0004127115146512588
26842684123	0.0004127115146512588
26868623123	0.0004127115146512588
26954214173	0.0004127115146512588
27213169001	0.0004127115146512588
27565542123	0.0004127115146512588
27611758107	0.0004127115146512588
27704555733	0.0004127115146512588
27829964769	0.0004127115146512588
27903026555	0.0004127115146512588
27908877007	0.0004127115146512588
27975509010	0.0004127115146512588
28200808800	0.0004127115146512588
28315920105	0.0004127115146512588
28794028794	0.0004127115146512588
28812737000	0.0004127115146512588
28907480123	0.0004127115146512588
29014893777	0.0004127115146512588
29067946555	0.0004127115146512588
29111210932	0.0004127115146512588
29192791927	0.0004127115146512588
29296298123	0.0004127115146512588
29296298777	0.0004127115146512588
29555277123	0.0004127115146512588
29790527632	0.0004127115146512588
29858344123	0.0004127115146512588
14159265358	0.0004127115146512588
30035082207	0.0004127115146512588
30137801011	0.0004127115146512588
30212880323	0.0004127115146512588
30303812143	0.0004127115146512588
30510478520	0.0004127115146512588
30535305355	0.0004127115146512588
30562701988	0.0004127115146512588
30581810424	0.0004127115146512588
30612190530	0.0004127115146512588
30683065306	0.0004127115146512588
31021601505	0.0004127115146512588
31022045212	0.0004127115146512588
31120608567	0.0004127115146512588
31175020319	0.0004127115146512588
31182743520	0.0004127115146512588
31408720128	0.0004127115146512588
31415926535	0.0004127115146512588
31452672835	0.0004127115146512588
31565566123	0.0004127115146512588
31954455408	0.0004127115146512588
31965400703	0.0004127115146512588
31987654321	0.0004127115146512588
32007517383	0.0004127115146512588
32115715956	0.0004127115146512588
32142213456	0.0004127115146512588
32165498789	0.0004127115146512588
32242806123	0.0004127115146512588
32346567123	0.0004127115146512588
32346567555	0.0004127115146512588
32346567777	0.0004127115146512588
32374022675	0.0004127115146512588
32424312345	0.0004127115146512588
32614892000	0.0004127115146512588
32658835964	0.0004127115146512588
32715660661	0.0004127115146512588
32727232125	0.0004127115146512588
32903290531	0.0004127115146512588
32915601234	0.0004127115146512588
33259742000	0.0004127115146512588
33266342123	0.0004127115146512588
33565221025	0.0004127115146512588
34242177521	0.0004127115146512588
34321561001	0.0004127115146512588
34392869626	0.0004127115146512588
34689101121	0.0004127115146512588
34780123123	0.0004127115146512588
34968221024	0.0004127115146512588
35003420302	0.0004127115146512588
35123178413	0.0004127115146512588
35222526170	0.0004127115146512588
35251207123	0.0004127115146512588
35425405871	0.0004127115146512588
35712216729	0.0004127115146512588
35788888854	0.0004127115146512588
36003221212	0.0004127115146512588
36204621110	0.0004127115146512588
36487612123	0.0004127115146512588
36902580147	0.0004127115146512588
37548219600	0.0004127115146512588
38166690123	0.0004127115146512588
38266980810	0.0004127115146512588
38350627311	0.0004127115146512588
38586156952	0.0004127115146512588
38678977677	0.0004127115146512588
38705608449	0.0004127115146512588
38917144192	0.0004127115146512588
39856841207	0.0004127115146512588
40033710125	0.0004127115146512588
40055900405	0.0004127115146512588
40300114858	0.0004127115146512588
40303030124	0.0004127115146512588
40336240302	0.0004127115146512588
40508888777	0.0004127115146512588
40619280000	0.0004127115146512588
41043510095	0.0004127115146512588
41105910492	0.0004127115146512588
41123170712	0.0004127115146512588
41200210117	0.0004127115146512588
41208170817	0.0004127115146512588
41236415236	0.0004127115146512588
41236789726	0.0004127115146512588
41420150035	0.0004127115146512588
41945857578	0.0004127115146512588
42538042538	0.0004127115146512588
43420024420	0.0004127115146512588
43507596413	0.0004127115146512588
43944654303	0.0004127115146512588
44123654098	0.0004127115146512588
44332518222	0.0004127115146512588
44444444441	0.0004127115146512588
44454131461	0.0004127115146512588
45282710088	0.0004127115146512588
45348721203	0.0004127115146512588
45474148423	0.0004127115146512588
45678912311	0.0004127115146512588
45678987654	0.0004127115146512588
45685279130	0.0004127115146512588
45799118864	0.0004127115146512588
45916812316	0.0004127115146512588
46023175953	0.0004127115146512588
46554646777	0.0004127115146512588
46615733261	0.0004127115146512588
46804680468	0.0004127115146512588
47103158716	0.0004127115146512588
47551913300	0.0004127115146512588
48278801104	0.0004127115146512588
48704870487	0.0004127115146512588
48753915001	0.0004127115146512588
49117393224	0.0004127115146512588
49301113654	0.0004127115146512588
50028384002	0.0004127115146512588
50211830908	0.0004127115146512588
50237870107	0.0004127115146512588
50310520500	0.0004127115146512588
50314830524	0.0004127115146512588
50320840807	0.0004127115146512588
50337814044	0.0004127115146512588
50474810005	0.0004127115146512588
50505269391	0.0004127115146512588
50510761726	0.0004127115146512588
50530625777	0.0004127115146512588
50535811042	0.0004127115146512588
50709364129	0.0004127115146512588
51006250535	0.0004127115146512588
51025201314	0.0004127115146512588
51088696981	0.0004127115146512588
51303420118	0.0004127115146512588
51403220025	0.0004127115146512588
51600320742	0.0004127115146512588
51685201314	0.0004127115146512588
52001507227	0.0004127115146512588
52004169999	0.0004127115146512588
52009230412	0.0004127115146512588
52013140127	0.0004127115146512588
52013140902	0.0004127115146512588
52013141013	0.0004127115146512588
52013141024	0.0004127115146512588
52013141123	0.0004127115146512588
52013141324	0.0004127115146512588
52013143344	0.0004127115146512588
52013143399	0.0004127115146512588
52013146969	0.0004127115146512588
52013147661	0.0004127115146512588
52013147796	0.0004127115146512588
52013162324	0.0004127115146512588
52014192308	0.0004127115146512588
52017201314	0.0004127115146512588
52017239191	0.0004127115146512588
52019840722	0.0004127115146512588
52020029999	0.0004127115146512588
52026730241	0.0004127115146512588
52027162931	0.0004127115146512588
52031701018	0.0004127115146512588
52035203123	0.0004127115146512588
52052052028	0.0004127115146512588
52061126123	0.0004127115146512588
52078782266	0.0004127115146512588
52090998585	0.0004127115146512588
52099910123	0.0004127115146512588
52115311520	0.0004127115146512588
52176176520	0.0004127115146512588
52379300749	0.0004127115146512588
52403951314	0.0004127115146512588
52802281314	0.0004127115146512588
52831224520	0.0004127115146512588
52928165614	0.0004127115146512588
53321234555	0.0004127115146512588
53436205251	0.0004127115146512588
53843737520	0.0004127115146512588
54119333217	0.0004127115146512588
54201514576	0.0004127115146512588
54321891011	0.0004127115146512588
54369000111	0.0004127115146512588
54577223366	0.0004127115146512588
54789632145	0.0004127115146512588
54835791220	0.0004127115146512588
55041632503	0.0004127115146512588
55123232580	0.0004127115146512588
55123456789	0.0004127115146512588
55146136123	0.0004127115146512588
55146136555	0.0004127115146512588
55392730777	0.0004127115146512588
55443322111	0.0004127115146512588
55523221523	0.0004127115146512588
55555555555	0.0004127115146512588
55555666666	0.0004127115146512588
55665201314	0.0004127115146512588
55739492212	0.0004127115146512588
55789252507	0.0004127115146512588
55864596842	0.0004127115146512588
56130334487	0.0004127115146512588
56487921310	0.0004127115146512588
56561387123	0.0004127115146512588
56561387777	0.0004127115146512588
56975030691	0.0004127115146512588
57071234567	0.0004127115146512588
57181792024	0.0004127115146512588
57807749562	0.0004127115146512588
57981119302	0.0004127115146512588
58120930314	0.0004127115146512588
58355311215	0.0004127115146512588
58451314520	0.0004127115146512588
58452051314	0.0004127115146512588
58721530424	0.0004127115146512588
58941127423	0.0004127115146512588
59112862004	0.0004127115146512588
59570698098	0.0004127115146512588
59811401367	0.0004127115146512588
59912331302	0.0004127115146512588
51000806449	0.0004127115146512588
60217840820	0.0004127115146512588
60322250525	0.0004127115146512588
60338184123	0.0004127115146512588
60338184777	0.0004127115146512588
60434810727	0.0004127115146512588
60502910159	0.0004127115146512588
60503901742	0.0004127115146512588
60508605011	0.0004127115146512588
60521410832	0.0004127115146512588
60527258789	0.0004127115146512588
60543800811	0.0004127115146512588
60609258258	0.0004127115146512588
60615123123	0.0004127115146512588
60632890518	0.0004127115146512588
60901261023	0.0004127115146512588
61101422554	0.0004127115146512588
61107830083	0.0004127115146512588
61212264282	0.0004127115146512588
61222260509	0.0004127115146512588
61280283714	0.0004127115146512588
61307270531	0.0004127115146512588
61505130777	0.0004127115146512588
61553616411	0.0004127115146512588
61816261032	0.0004127115146512588
61824333537	0.0004127115146512588
61829830328	0.0004127115146512588
62035206322	0.0004127115146512588
62071003276	0.0004127115146512588
62206220015	0.0004127115146512588
62426232323	0.0004127115146512588
63112074111	0.0004127115146512588
63155206309	0.0004127115146512588
63206320123	0.0004127115146512588
63206320777	0.0004127115146512588
63918741321	0.0004127115146512588
64322662266	0.0004127115146512588
64390539123	0.0004127115146512588
64829173580	0.0004127115146512588
65030545957	0.0004127115146512588
65053305400	0.0004127115146512588
65246521101	0.0004127115146512588
65819586657	0.0004127115146512588
66080232161	0.0004127115146512588
66106610123	0.0004127115146512588
66113456789	0.0004127115146512588
66118691012	0.0004127115146512588
66289281123	0.0004127115146512588
66554442410	0.0004127115146512588
66612570236	0.0004127115146512588
66619890904	0.0004127115146512588
67245312436	0.0004127115146512588
67357356437	0.0004127115146512588
68295168168	0.0004127115146512588
68963164928	0.0004127115146512588
74922054816	0.0004127115146512588
69257741358	0.0004127115146512588
69475702528	0.0004127115146512588
69609297357	0.0004127115146512588
69666961123	0.0004127115146512588
69696947058	0.0004127115146512588
69753770880	0.0004127115146512588
70024270029	0.0004127115146512588
70043123456	0.0004127115146512588
70235159753	0.0004127115146512588
70251314000	0.0004127115146512588
70312807723	0.0004127115146512588
70345751119	0.0004127115146512588
70532108751	0.0004127115146512588
70634650520	0.0004127115146512588
70953709532	0.0004127115146512588
71009450238	0.0004127115146512588
71011142601	0.0004127115146512588
71065050406	0.0004127115146512588
71301120603	0.0004127115146512588
71401406606	0.0004127115146512588
71590879523	0.0004127115146512588
71605177123	0.0004127115146512588
71605177555	0.0004127115146512588
71684795761	0.0004127115146512588
72134341717	0.0004127115146512588
72221313677	0.0004127115146512588
72397292001	0.0004127115146512588
72411030425	0.0004127115146512588
72529460089	0.0004127115146512588
72623013194	0.0004127115146512588
72812878052	0.0004127115146512588
73071041507	0.0004127115146512588
73168540623	0.0004127115146512588
73423571127	0.0004127115146512588
73463968520	0.0004127115146512588
73783778810	0.0004127115146512588
73857181527	0.0004127115146512588
74011409142	0.0004127115146512588
74081216888	0.0004127115146512588
74103214777	0.0004127115146512588
74108520123	0.0004127115146512588
74108520963	0.0004127115146512588
74114761023	0.0004127115146512588
74121676424	0.0004127115146512588
74127357333	0.0004127115146512588
74178963123	0.0004127115146512588
74185296355	0.0004127115146512588
74218520000	0.0004127115146512588
74231491111	0.0004127115146512588
74269786214	0.0004127115146512588
74589270317	0.0004127115146512588
74741747474	0.0004127115146512588
74775107878	0.0004127115146512588
74998074998	0.0004127115146512588
75051770231	0.0004127115146512588
75226231978	0.0004127115146512588
75271275271	0.0004127115146512588
75319654123	0.0004127115146512588
75357535753	0.0004127115146512588
75395136987	0.0004127115146512588
75395183329	0.0004127115146512588
75395184265	0.0004127115146512588
75715000123	0.0004127115146512588
76020677621	0.0004127115146512588
76021680341	0.0004127115146512588
76070921317	0.0004127115146512588
76613102001	0.0004127115146512588
76810520823	0.0004127115146512588
76952011325	0.0004127115146512588
77031377227	0.0004127115146512588
77041190118	0.0004127115146512588
77088013120	0.0004127115146512588
77088094520	0.0004127115146512588
77103001444	0.0004127115146512588
77111101173	0.0004127115146512588
77112030011	0.0004127115146512588
77112201325	0.0004127115146512588
77112849942	0.0004127115146512588
77120830702	0.0004127115146512588
77222761211	0.0004127115146512588
77225310613	0.0004127115146512588
77250781230	0.0004127115146512588
77312214229	0.0004127115146512588
77415132300	0.0004127115146512588
77499477123	0.0004127115146512588
77556730520	0.0004127115146512588
77570785566	0.0004127115146512588
77620765200	0.0004127115146512588
77669541056	0.0004127115146512588
77717040334	0.0004127115146512588
77717432639	0.0004127115146512588
77727217414	0.0004127115146512588
77775207777	0.0004127115146512588
77777788622	0.0004127115146512588
77885420226	0.0004127115146512588
77889900777	0.0004127115146512588
78085790536	0.0004127115146512588
78100910601	0.0004127115146512588
78102436987	0.0004127115146512588
78123720801	0.0004127115146512588
78215771212	0.0004127115146512588
78529166634	0.0004127115146512588
78789781000	0.0004127115146512588
78913751203	0.0004127115146512588
78919821026	0.0004127115146512588
78945134575	0.0004127115146512588
78945612310	0.0004127115146512588
79052577123	0.0004127115146512588
79053010377	0.0004127115146512588
79103815832	0.0004127115146512588
79112456789	0.0004127115146512588
79112880113	0.0004127115146512588
79121970902	0.0004127115146512588
79141112291	0.0004127115146512588
79456321258	0.0004127115146512588
28688807024	0.0004127115146512588
86867452704	0.0004127115146512588
80042012314	0.0004127115146512588
80072724106	0.0004127115146512588
80088208820	0.0004127115146512588
80090830029	0.0004127115146512588
80103081714	0.0004127115146512588
80167172122	0.0004127115146512588
80195813659	0.0004127115146512588
80258025123	0.0004127115146512588
80258025777	0.0004127115146512588
80308030803	0.0004127115146512588
80328930100	0.0004127115146512588
80475114032	0.0004127115146512588
80501356906	0.0004127115146512588
80518123456	0.0004127115146512588
80524502430	0.0004127115146512588
80652112209	0.0004127115146512588
80720771202	0.0004127115146512588
80902120823	0.0004127115146512588
80955201213	0.0004127115146512588
80958549336	0.0004127115146512588
81021961107	0.0004127115146512588
81026550569	0.0004127115146512588
81032561630	0.0004127115146512588
81040522123	0.0004127115146512588
81041410251	0.0004127115146512588
81043750516	0.0004127115146512588
81072471226	0.0004127115146512588
81082512345	0.0004127115146512588
81083130249	0.0004127115146512588
81090550601	0.0004127115146512588
81120812345	0.0004127115146512588
81123164555	0.0004127115146512588
81214150098	0.0004127115146512588
81314520520	0.0004127115146512588
81382584040	0.0004127115146512588
81501550180	0.0004127115146512588
81524176417	0.0004127115146512588
81715123456	0.0004127115146512588
81778180810	0.0004127115146512588
81823873429	0.0004127115146512588
82090388050	0.0004127115146512588
82092020813	0.0004127115146512588
82100627291	0.0004127115146512588
82101652624	0.0004127115146512588
82103030128	0.0004127115146512588
82111489103	0.0004127115146512588
82120385118	0.0004127115146512588
82258078295	0.0004127115146512588
82301010001	0.0004127115146512588
82313920207	0.0004127115146512588
82446828864	0.0004127115146512588
82465791300	0.0004127115146512588
82475902535	0.0004127115146512588
82508250825	0.0004127115146512588
82637988601	0.0004127115146512588
82812798123	0.0004127115146512588
83005561638	0.0004127115146512588
83020322686	0.0004127115146512588
83021460511	0.0004127115146512588
83080660314	0.0004127115146512588
83101190436	0.0004127115146512588
83112960189	0.0004127115146512588
83120572302	0.0004127115146512588
83226954789	0.0004127115146512588
83377373773	0.0004127115146512588
84020860067	0.0004127115146512588
84031676223	0.0004127115146512588
84112570612	0.0004127115146512588
84237695321	0.0004127115146512588
84241258888	0.0004127115146512588
84585921555	0.0004127115146512588
84585921777	0.0004127115146512588
84627913123	0.0004127115146512588
84627913777	0.0004127115146512588
84865201314	0.0004127115146512588
85033091233	0.0004127115146512588
85093001714	0.0004127115146512588
85095790207	0.0004127115146512588
85100409100	0.0004127115146512588
85204634123	0.0004127115146512588
85288160529	0.0004127115146512588
85312841027	0.0004127115146512588
85541972316	0.0004127115146512588
85737619631	0.0004127115146512588
85903587851	0.0004127115146512588
86042230113	0.0004127115146512588
86073137068	0.0004127115146512588
86102820534	0.0004127115146512588
86103110219	0.0004127115146512588
86230800517	0.0004127115146512588
86290443168	0.0004127115146512588
86485315258	0.0004127115146512588
86520002000	0.0004127115146512588
86751029307	0.0004127115146512588
86774407520	0.0004127115146512588
86860742274	0.0004127115146512588
87017125961	0.0004127115146512588
87112605540	0.0004127115146512588
87122440325	0.0004127115146512588
87132801004	0.0004127115146512588
87172913811	0.0004127115146512588
87413371123	0.0004127115146512588
87642321932	0.0004127115146512588
87778099336	0.0004127115146512588
87895696100	0.0004127115146512588
87976040123	0.0004127115146512588
88046691088	0.0004127115146512588
88054712036	0.0004127115146512588
88072341032	0.0004127115146512588
88102086629	0.0004127115146512588
88102231234	0.0004127115146512588
88121385391	0.0004127115146512588
88634963657	0.0004127115146512588
88672229980	0.0004127115146512588
88688688556	0.0004127115146512588
88795134365	0.0004127115146512588
88888888888	0.0004127115146512588
88997123123	0.0004127115146512588
89023476893	0.0004127115146512588
89040412315	0.0004127115146512588
89044242424	0.0004127115146512588
89046110177	0.0004127115146512588
89067576638	0.0004127115146512588
89080443095	0.0004127115146512588
89088765779	0.0004127115146512588
89100611819	0.0004127115146512588
89103821114	0.0004127115146512588
89111418633	0.0004127115146512588
89115210123	0.0004127115146512588
89121087423	0.0004127115146512588
89133545789	0.0004127115146512588
89133840157	0.0004127115146512588
89147846650	0.0004127115146512588
89148922129	0.0004127115146512588
89206606777	0.0004127115146512588
89289070081	0.0004127115146512588
89317060777	0.0004127115146512588
89508344777	0.0004127115146512588
89519379933	0.0004127115146512588
89519737108	0.0004127115146512588
89562301111	0.0004127115146512588
89570371371	0.0004127115146512588
89600866228	0.0004127115146512588
89608686895	0.0004127115146512588
89609825514	0.0004127115146512588
89615349000	0.0004127115146512588
89651202389	0.0004127115146512588
89664687563	0.0004127115146512588
89829170123	0.0004127115146512588
90090170103	0.0004127115146512588
90122891213	0.0004127115146512588
90123213125	0.0004127115146512588
90205770811	0.0004127115146512588
90305650223	0.0004127115146512588
90322937591	0.0004127115146512588
90332099123	0.0004127115146512588
90570330410	0.0004127115146512588
90590819241	0.0004127115146512588
90665761001	0.0004127115146512588
90909081211	0.0004127115146512588
91006091006	0.0004127115146512588
91018607235	0.0004127115146512588
91052260193	0.0004127115146512588
91100363243	0.0004127115146512588
91109210931	0.0004127115146512588
91200282912	0.0004127115146512588
91231045279	0.0004127115146512588
91305650247	0.0004127115146512588
92000186725	0.0004127115146512588
92035871062	0.0004127115146512588
92147816123	0.0004127115146512588
92274553252	0.0004127115146512588
92385091805	0.0004127115146512588
92671061832	0.0004127115146512588
92700535219	0.0004127115146512588
92871654973	0.0004127115146512588
93001612199	0.0004127115146512588
93022115836	0.0004127115146512588
93251547811	0.0004127115146512588
93511611020	0.0004127115146512588
93680092097	0.0004127115146512588
94004374529	0.0004127115146512588
94052524000	0.0004127115146512588
94071889240	0.0004127115146512588
94966939162	0.0004127115146512588
95010877217	0.0004127115146512588
95032034466	0.0004127115146512588
95060823340	0.0004127115146512588
95123578963	0.0004127115146512588
95162030123	0.0004127115146512588
95175382465	0.0004127115146512588
95175397513	0.0004127115146512588
95184627300	0.0004127115146512588
95463880510	0.0004127115146512588
95481025352	0.0004127115146512588
95661536000	0.0004127115146512588
96377412589	0.0004127115146512588
96385274555	0.0004127115146512588
96385274777	0.0004127115146512588
96541780000	0.0004127115146512588
97008380318	0.0004127115146512588
97543226431	0.0004127115146512588
97623146844	0.0004127115146512588
97989394100	0.0004127115146512588
98020350532	0.0004127115146512588
98066911014	0.0004127115146512588
98153006123	0.0004127115146512588
98523641078	0.0004127115146512588
98569735113	0.0004127115146512588
98709870987	0.0004127115146512588
98741365925	0.0004127115146512588
98765432111	0.0004127115146512588
98765432125	0.0004127115146512588
98812315146	0.0004127115146512588
98989812345	0.0004127115146512588
99013148875	0.0004127115146512588
99061991672	0.0004127115146512588
99100830923	0.0004127115146512588
99525635212	0.0004127115146512588
99631850215	0.0004127115146512588
99653832123	0.0004127115146512588
99806978901	0.0004127115146512588
99867549938	0.0004127115146512588
99876554321	0.0004127115146512588
99886655009	0.0004127115146512588
99887957699	0.0004127115146512588
99999999999	0.0004127115146512588
98989988987	0.0004127115146512588
10758781226	0.0004127115146512588
11987654321	0.0004127115146512588
12300456789	0.0004127115146512588
12585165789	0.0004127115146512588
12643107914	0.0004127115146512588
12765636500	0.0004127115146512588
51807571423	0.0004127115146512588
56122597185	0.0004127115146512588
74185296381	0.0004127115146512588
77052483425	0.0004127115146512588
77462913586	0.0004127115146512588
03212122698	0.0004127115146512588
09208290771	0.0004127115146512588
12276183507	0.0004127115146512588
00321654987	0.0004127115146512588
60619920331	0.0004127115146512588
88819991015	0.0004127115146512588
11018772541	0.0004127115146512588
93191491314	0.0004127115146512588
13580322402	0.0004127115146512588
20091112000	0.0004127115146512588
22888737220	0.0004127115146512588
83031450918	0.0004127115146512588
18430751119	0.0004127115146512588
52019901020	0.0004127115146512588
06223639810	0.0004127115146512588
15935728460	0.0004127115146512588
22397167052	0.0004127115146512588
22939961915	0.0004127115146512588
63202204968	0.0004127115146512588
82980391104	0.0004127115146512588
15976532123	0.0004127115146512588
22780727123	0.0004127115146512588
12287109307	0.0004127115146512588
58990123229	0.0004127115146512588
08150916115	0.0004127115146512588
19880818628	0.0004127115146512588
19978611033	0.0004127115146512588
13962436637	0.0004127115146512588
17124511927	0.0004127115146512588
44589286124	0.0004127115146512588
18602268754	0.0004127115146512588
81910111920	0.0004127115146512588
64571398204	0.0004127115146512588
88010816274	0.0004127115146512588
19210019377	0.0004127115146512588
39245252525	0.0004127115146512588
55667788123	0.0004127115146512588
70912423806	0.0004127115146512588
19941224123	0.0004127115146512588
76308413103	0.0004127115146512588
13223800725	0.0004127115146512588
46543991000	0.0004127115146512588
88134820204	0.0004127115146512588
31113584299	0.0004127115146512588
11275752576	0.0004127115146512588
30426223418	0.0004127115146512588
22100729724	0.0004127115146512588
22106990268	0.0004127115146512588
08000001233	0.0004127115146512588
89102860417	0.0004127115146512588
78945612312	0.0004127115146512588
12369514753	0.0004127115146512588
12345678920	0.0004127115146512588
88012970554	0.0004127115146512588
01020770137	0.0004127115146512588
01122334455	0.0004127115146512588
01234567891	0.0004127115146512588
01478963250	0.0004127115146512588
02040204000	0.0004127115146512588
03030152003	0.0004127115146512588
04167501050	0.0004127115146512588
04258951753	0.0004127115146512588
05011141425	0.0004127115146512588
05566789123	0.0004127115146512588
08037854256	0.0004127115146512588
09100002151	0.0004127115146512588
09104716618	0.0004127115146512588
09107494947	0.0004127115146512588
09132194195	0.0004127115146512588
09154118351	0.0004127115146512588
09253673500	0.0004127115146512588
09356712930	0.0004127115146512588
09554535681	0.0004127115146512588
09811376687	0.0004127115146512588
09890391944	0.0004127115146512588
09894225123	0.0004127115146512588
10105478920	0.0004127115146512588
10520530514	0.0004127115146512588
11011280139	0.0004127115146512588
11051245678	0.0004127115146512588
11111111777	0.0004127115146512588
11223344123	0.0004127115146512588
11291203000	0.0004127115146512588
12005482130	0.0004127115146512588
12078585815	0.0004127115146512588
12100131789	0.0004127115146512588
12121212007	0.0004127115146512588
12200754270	0.0004127115146512588
12330335710	0.0004127115146512588
12332135122	0.0004127115146512588
12345678319	0.0004127115146512588
12536918000	0.0004127115146512588
12605194600	0.0004127115146512588
12641311626	0.0004127115146512588
12663894637	0.0004127115146512588
12684853811	0.0004127115146512588
12754673923	0.0004127115146512588
12843102200	0.0004127115146512588
13141314123	0.0004127115146512588
13145200717	0.0004127115146512588
13467982461	0.0004127115146512588
13467982462	0.0004127115146512588
13816445421	0.0004127115146512588
13950131500	0.0004127115146512588
14689881848	0.0004127115146512588
14785236185	0.0004127115146512588
14789632500	0.0004127115146512588
15915935735	0.0004127115146512588
15975385216	0.0004127115146512588
15987410123	0.0004127115146512588
15998742360	0.0004127115146512588
16113211123	0.0004127115146512588
16315131719	0.0004127115146512588
18795143580	0.0004127115146512588
18795143581	0.0004127115146512588
19635749866	0.0004127115146512588
19897887520	0.0004127115146512588
19925892771	0.0004127115146512588
19941104777	0.0004127115146512588
19960720710	0.0004127115146512588
20159126212	0.0004127115146512588
20357986123	0.0004127115146512588
21803329554	0.0004127115146512588
22385481562	0.0004127115146512588
22656132123	0.0004127115146512588
23321123321	0.0004127115146512588
23819682424	0.0004127115146512588
23939889231	0.0004127115146512588
24325773123	0.0004127115146512588
25461052399	0.0004127115146512588
26112030101	0.0004127115146512588
26900520073	0.0004127115146512588
26992142963	0.0004127115146512588
27641885555	0.0004127115146512588
28050320999	0.0004127115146512588
29189451231	0.0004127115146512588
29315388123	0.0004127115146512588
29366108123	0.0004127115146512588
19998812124	0.0004127115146512588
30619848123	0.0004127115146512588
31022211209	0.0004127115146512588
31517574123	0.0004127115146512588
35560911016	0.0004127115146512588
38493578093	0.0004127115146512588
40499314821	0.0004127115146512588
40514120405	0.0004127115146512588
40602153123	0.0004127115146512588
41002300981	0.0004127115146512588
43501837818	0.0004127115146512588
43568476241	0.0004127115146512588
45698752469	0.0004127115146512588
53036130771	0.0004127115146512588
48212010778	0.0004127115146512588
50831830101	0.0004127115146512588
51600842000	0.0004127115146512588
52013148344	0.0004127115146512588
53204219123	0.0004127115146512588
53270159753	0.0004127115146512588
54031754031	0.0004127115146512588
54321000000	0.0004127115146512588
54587663843	0.0004127115146512588
55661234581	0.0004127115146512588
55661314520	0.0004127115146512588
55661980828	0.0004127115146512588
55662122000	0.0004127115146512588
55842681013	0.0004127115146512588
56372601301	0.0004127115146512588
56386784520	0.0004127115146512588
57685492011	0.0004127115146512588
58640917166	0.0004127115146512588
59185918591	0.0004127115146512588
59357123456	0.0004127115146512588
59680615171	0.0004127115146512588
61235206107	0.0004127115146512588
62648295959	0.0004127115146512588
65020181241	0.0004127115146512588
65465189156	0.0004127115146512588
65496231522	0.0004127115146512588
66335206612	0.0004127115146512588
68123456789	0.0004127115146512588
69354717935	0.0004127115146512588
72170255984	0.0004127115146512588
74123698555	0.0004127115146512588
74185296300	0.0004127115146512588
74256782310	0.0004127115146512588
74640606313	0.0004127115146512588
75072470074	0.0004127115146512588
75395186240	0.0004127115146512588
75584319298	0.0004127115146512588
77887788990	0.0004127115146512588
78945612322	0.0004127115146512588
78963214555	0.0004127115146512588
79071700817	0.0004127115146512588
80042905800	0.0004127115146512588
80056715000	0.0004127115146512588
81372946825	0.0004127115146512588
82206820401	0.0004127115146512588
83042189201	0.0004127115146512588
83318430625	0.0004127115146512588
85265413579	0.0004127115146512588
86071380370	0.0004127115146512588
87039811503	0.0004127115146512588
87911235689	0.0004127115146512588
88073192085	0.0004127115146512588
88524123043	0.0004127115146512588
91008051436	0.0004127115146512588
92031455353	0.0004127115146512588
93212120522	0.0004127115146512588
94046882612	0.0004127115146512588
95050621333	0.0004127115146512588
95608723560	0.0004127115146512588
96321456321	0.0004127115146512588
98765432101	0.0004127115146512588
98989852022	0.0004127115146512588
99999999921	0.0004127115146512588
00123456987	0.0004127115146512588
12345696130	0.0004127115146512588
12345696131	0.0004127115146512588
56567878123	0.0004127115146512588
64728852566	0.0004127115146512588
84051550431	0.0004127115146512588
00123456788	0.0004127115146512588
22451654684	0.0004127115146512588
69422689458	0.0004127115146512588
05010021175	0.0004127115146512588
40372710279	0.0004127115146512588
82092075410	0.0004127115146512588
78306304805	0.0004127115146512588
02851634123	0.0004127115146512588
19976103177	0.0004127115146512588
77987654321	0.0004127115146512588
60939301997	0.0004127115146512588
90512970103	0.0004127115146512588
93303587826	0.0004127115146512588
20000000003	0.0004127115146512588
28901196731	0.0004127115146512588
41532152000	0.0004127115146512588
52010198765	0.0004127115146512588
44589810523	0.0004127115146512588
55923561337	0.0004127115146512588
86260745123	0.0004127115146512588
72155622000	0.0004127115146512588
13145201314	0.0004127115146512588
00112205280	0.0004127115146512588
22313022520	0.0004127115146512588
33062665710	0.0004127115146512588
61233470707	0.0004127115146512588
00940303593	0.0004127115146512588
09451655396	0.0004127115146512588
19810515003	0.0004127115146512588
22222101205	0.0004127115146512588
22562845201	0.0004127115146512588
25540325540	0.0004127115146512588
51102123456	0.0004127115146512588
97123456789	0.0004127115146512588
27545929672	0.0004127115146512588
12345612312	0.0004127115146512588
13145206768	0.0004127115146512588
13467985201	0.0004127115146512588
23062317832	0.0004127115146512588
24687630222	0.0004127115146512588
88800010194	0.0004127115146512588
85132310204	0.0004127115146512588
13823587337	0.0004127115146512588
55235504551	0.0004127115146512588
04085918980	0.0004127115146512588
06001992000	0.0004127115146512588
09114535641	0.0004127115146512588
09125118963	0.0004127115146512588
09821987211	0.0004127115146512588
12266031533	0.0004127115146512588
12986249115	0.0004127115146512588
16816859438	0.0004127115146512588
22436033123	0.0004127115146512588
46071970930	0.0004127115146512588
54110860403	0.0004127115146512588
78677818016	0.0004127115146512588
83889755430	0.0004127115146512588
87878809123	0.0004127115146512588
88010862005	0.0004127115146512588
88642916348	0.0004127115146512588
89390067802	0.0004127115146512588
91120052004	0.0004127115146512588
96924786123	0.0004127115146512588
52348300322	0.0004127115146512588
91214520520	0.0004127115146512588
61078197531	0.0004127115146512588
52060527520	0.0004127115146512588
03942994129	0.0004127115146512588
41233070750	0.0004127115146512588
10375979372	0.0004127115146512588
51552105315	0.0004127115146512588
01797650712	0.0004127115146512588
10317550035	0.0004127115146512588
12356791012	0.0004127115146512588
19820915123	0.0004127115146512588
19931214000	0.0004127115146512588
21297490720	0.0004127115146512588
22126264911	0.0004127115146512588
35533500123	0.0004127115146512588
58765421122	0.0004127115146512588
83062611105	0.0004127115146512588
90234520530	0.0004127115146512588
96385104796	0.0004127115146512588
16894585420	0.0004127115146512588
80396768600	0.0004127115146512588
09173909368	0.0004127115146512588
19897271105	0.0004127115146512588
50260443577	0.0004127115146512588
12312000123	0.0004127115146512588
05187876557	0.0004127115146512588
16899920711	0.0004127115146512588
10190315787	0.0004127115146512588
04123966728	0.0004127115146512588
40981083420	0.0004127115146512588
07010028126	0.0004127115146512588
77777772001	0.0004127115146512588
84421101319	0.0004127115146512588
60724840109	0.0004127115146512588
98225271022	0.0004127115146512588
01234567885	0.0004127115146512588
01133431314	0.0004127115146512588
03070719520	0.0004127115146512588
03165201314	0.0004127115146512588
12043832601	0.0004127115146512588
12369874510	0.0004127115146512588
61504328114	0.0004127115146512588
79010340217	0.0004127115146512588
84564984999	0.0004127115146512588
85122486129	0.0004127115146512588
87010120429	0.0004127115146512588
98689291026	0.0004127115146512588
12365485422	0.0004127115146512588
32752097518	0.0004127115146512588
33092961021	0.0004127115146512588
20534163105	0.0004127115146512588
53052099660	0.0004127115146512588
07010086294	0.0004127115146512588
53561535655	0.0004127115146512588
03768163123	0.0004127115146512588
04121791522	0.0004127115146512588
09275201216	0.0004127115146512588
12236900123	0.0004127115146512588
12236900555	0.0004127115146512588
12370128321	0.0004127115146512588
26418825123	0.0004127115146512588
53101899645	0.0004127115146512588
61107251212	0.0004127115146512588
72458962004	0.0004127115146512588
78978978789	0.0004127115146512588
19890216213	0.0004127115146512588
20426526790	0.0004127115146512588
11271127112	0.0004127115146512588
02120801029	0.0004127115146512588
10824250130	0.0004127115146512588
12312345678	0.0004127115146512588
12614964202	0.0004127115146512588
12703860248	0.0004127115146512588
12945637715	0.0004127115146512588
13000669294	0.0004127115146512588
21603730612	0.0004127115146512588
22701692081	0.0004127115146512588
22702032615	0.0004127115146512588
22720016417	0.0004127115146512588
22722618704	0.0004127115146512588
22724660688	0.0004127115146512588
22805272427	0.0004127115146512588
23714626983	0.0004127115146512588
40499403403	0.0004127115146512588
40916706484	0.0004127115146512588
45307726433	0.0004127115146512588
52033441314	0.0004127115146512588
52142298418	0.0004127115146512588
60404880051	0.0004127115146512588
78495566123	0.0004127115146512588
96510530327	0.0004127115146512588
97987654311	0.0004127115146512588
26876311555	0.0004127115146512588
13905067256	0.0004127115146512588
01682271313	0.0004127115146512588
09513330589	0.0004127115146512588
12345678941	0.0004127115146512588
46690306419	0.0004127115146512588
60237710094	0.0004127115146512588
60680179207	0.0004127115146512588
80000321234	0.0004127115146512588
04626421230	0.0004127115146512588
52419790524	0.0004127115146512588
86061092192	0.0004127115146512588
19100192219	0.0004127115146512588
72077349702	0.0004127115146512588
13533007516	0.0004127115146512588
12345866001	0.0004127115146512588
12421789876	0.0004127115146512588
02238941278	0.0004127115146512588
02383803321	0.0004127115146512588
03587666688	0.0004127115146512588
09683857789	0.0004127115146512588
12151314520	0.0004127115146512588
12181218444	0.0004127115146512588
20033671836	0.0004127115146512588
22212247888	0.0004127115146512588
22312191304	0.0004127115146512588
26842486258	0.0004127115146512588
28210966422	0.0004127115146512588
41421940674	0.0004127115146512588
63010962120	0.0004127115146512588
87021030125	0.0004127115146512588
91123557912	0.0004127115146512588
27352332917	0.0004127115146512588
94890101957	0.0004127115146512588
27551582000	0.0004127115146512588
17806230817	0.0004127115146512588
19751124050	0.0004127115146512588
10019880128	0.0004127115146512588
65375362500	0.0004127115146512588
80042259420	0.0004127115146512588
83616550038	0.0004127115146512588
90304523709	0.0004127115146512588
52052033657	0.0004127115146512588
88042300034	0.0004127115146512588
29181507218	0.0004127115146512588
12407894215	0.0004127115146512588
19556447023	0.0004127115146512588
80119300404	0.0004127115146512588
82525811215	0.0004127115146512588
08578177818	0.0004127115146512588
09321147600	0.0004127115146512588
12295458888	0.0004127115146512588
12312312342	0.0004127115146512588
17354215701	0.0004127115146512588
19901990720	0.0004127115146512588
21304520530	0.0004127115146512588
24986593250	0.0004127115146512588
27144862002	0.0004127115146512588
28217051704	0.0004127115146512588
47289369899	0.0004127115146512588
60411604115	0.0004127115146512588
78092900236	0.0004127115146512588
78975312300	0.0004127115146512588
91107774121	0.0004127115146512588
04051215123	0.0004127115146512588
66553156258	0.0004127115146512588
75734380927	0.0004127115146512588
85020670838	0.0004127115146512588
12355662000	0.0004127115146512588
80010460728	0.0004127115146512588
22179335327	0.0004127115146512588
30910904866	0.0004127115146512588
57159366445	0.0004127115146512588
22229999461	0.0004127115146512588
10712970696	0.0004127115146512588
21021022123	0.0004127115146512588
15911510010	0.0004127115146512588
06111106123	0.0004127115146512588
31415926534	0.0004127115146512588
55168861115	0.0004127115146512588
01245788754	0.0004127115146512588
54108555722	0.0004127115146512588
10342781221	0.0004127115146512588
91011884911	0.0004127115146512588
12123515906	0.0004127115146512588
33887788328	0.0004127115146512588
55874694223	0.0004127115146512588
09226557021	0.0004127115146512588
09265726598	0.0004127115146512588
09802648291	0.0004127115146512588
09811148380	0.0004127115146512588
12201522000	0.0004127115146512588
19310282102	0.0004127115146512588
19900416123	0.0004127115146512588
19900614123	0.0004127115146512588
22226303016	0.0004127115146512588
72956898123	0.0004127115146512588
81916010430	0.0004127115146512588
84021530121	0.0004127115146512588
88667712144	0.0004127115146512588
99147123123	0.0004127115146512588
96366509106	0.0004127115146512588
90852031520	0.0004127115146512588
16816898278	0.0004127115146512588
99876895898	0.0004127115146512588
07336578821	0.0004127115146512588
32331232213	0.0004127115146512588
13027251404	0.0004127115146512588
52073489728	0.0004127115146512588
44123456789	0.0004127115146512588
85204123123	0.0004127115146512588
52018433520	0.0004127115146512588
09190633278	0.0004127115146512588
09721280545	0.0004127115146512588
02048898013	0.0004127115146512588
10161016123	0.0004127115146512588
12131155300	0.0004127115146512588
12337122646	0.0004127115146512588
13579654852	0.0004127115146512588
13602051845	0.0004127115146512588
22235340401	0.0004127115146512588
22295581915	0.0004127115146512588
31311414147	0.0004127115146512588
63055201314	0.0004127115146512588
71000420118	0.0004127115146512588
71204312770	0.0004127115146512588
79081610166	0.0004127115146512588
82649459420	0.0004127115146512588
10000000000	0.0004127115146512588
12164681123	0.0004127115146512588
19900420420	0.0004127115146512588
83091930228	0.0004127115146512588
12101616027	0.0004127115146512588
60958846330	0.0004127115146512588
21103450169	0.0004127115146512588
80117525293	0.0004127115146512588
02085201314	0.0004127115146512588
61010150830	0.0004127115146512588
09134293260	0.0004127115146512588
09703262299	0.0004127115146512588
11508080634	0.0004127115146512588
13145200331	0.0004127115146512588
13145201128	0.0004127115146512588
13145201209	0.0004127115146512588
23237381259	0.0004127115146512588
36101501155	0.0004127115146512588
42039450007	0.0004127115146512588
52013140301	0.0004127115146512588
79816800101	0.0004127115146512588
14142323520	0.0004127115146512588
85050860930	0.0004127115146512588
10807452440	0.0004127115146512588
13434569515	0.0004127115146512588
09159121161	0.0004127115146512588
10203410080	0.0004127115146512588
12270103413	0.0004127115146512588
13829147458	0.0004127115146512588
16706020438	0.0004127115146512588
22222222222	0.0004127115146512588
40920995686	0.0004127115146512588
41234567890	0.0004127115146512588
43280808080	0.0004127115146512588
45571783706	0.0004127115146512588
51926719723	0.0004127115146512588
52052013147	0.0004127115146512588
52525566956	0.0004127115146512588
55663121000	0.0004127115146512588
69688971387	0.0004127115146512588
76543214567	0.0004127115146512588
97090711504	0.0004127115146512588
98112298812	0.0004127115146512588
82466311005	0.0004127115146512588
93147861230	0.0004127115146512588
58411357114	0.0004127115146512588
10451411083	0.0004127115146512588
97689830801	0.0004127115146512588
20095615105	0.0004127115146512588
09221939426	0.0004127115146512588
92515043625	0.0004127115146512588
20111000528	0.0004127115146512588
12288340715	0.0004127115146512588
15263748590	0.0004127115146512588
19821015520	0.0004127115146512588
20024050274	0.0004127115146512588
34932123844	0.0004127115146512588
40265700164	0.0004127115146512588
70356841123	0.0004127115146512588
71529031524	0.0004127115146512588
86232791124	0.0004127115146512588
89621872000	0.0004127115146512588
15975301243	0.0004127115146512588
15975322686	0.0004127115146512588
50265611126	0.0004127115146512588
83088914103	0.0004127115146512588
12345678913	0.0004127115146512588
13090816123	0.0004127115146512588
66330914020	0.0004127115146512588
13149391337	0.0004127115146512588
01059924123	0.0004127115146512588
04150440180	0.0004127115146512588
10051877015	0.0004127115146512588
13791379555	0.0004127115146512588
31313852546	0.0004127115146512588
41495201314	0.0004127115146512588
78807761120	0.0004127115146512588
85888991263	0.0004127115146512588
88270281337	0.0004127115146512588
88333333333	0.0004127115146512588
10985741111	0.0004127115146512588
19928142000	0.0004127115146512588
12412153468	0.0004127115146512588
12684012684	0.0004127115146512588
15635488200	0.0004127115146512588
19263965241	0.0004127115146512588
20082211310	0.0004127115146512588
73459165828	0.0004127115146512588
88325316574	0.0004127115146512588
19930227071	0.0004127115146512588
54055341220	0.0004127115146512588
23326853510	0.0004127115146512588
76060400413	0.0004127115146512588
02160809654	0.0004127115146512588
20060412721	0.0004127115146512588
13876188615	0.0004127115146512588
09373555501	0.0004127115146512588
23117654321	0.0004127115146512588
38431595350	0.0004127115146512588
45630110810	0.0004127115146512588
85112780127	0.0004127115146512588
89989954899	0.0004127115146512588
98765432194	0.0004127115146512588
00910266369	0.0004127115146512588
36623242100	0.0004127115146512588
36885252520	0.0004127115146512588
10069790621	0.0004127115146512588
13533389889	0.0004127115146512588
60465520520	0.0004127115146512588
82794613822	0.0004127115146512588
78945685271	0.0004127115146512588
89935761123	0.0004127115146512588
09178083799	0.0004127115146512588
10939300990	0.0004127115146512588
15090353094	0.0004127115146512588
50121314520	0.0004127115146512588
50622407211	0.0004127115146512588
59626661996	0.0004127115146512588
71532630911	0.0004127115146512588
92419890924	0.0004127115146512588
60081585109	0.0004127115146512588
12338271190	0.0004127115146512588
60385201314	0.0004127115146512588
07134574832	0.0004127115146512588
45678456123	0.0004127115146512588
40923898951	0.0004127115146512588
01811011000	0.0004127115146512588
02060415520	0.0004127115146512588
04247902070	0.0004127115146512588
05205201009	0.0004127115146512588
07622768207	0.0004127115146512588
08902541337	0.0004127115146512588
09102158888	0.0004127115146512588
09398253893	0.0004127115146512588
09524791150	0.0004127115146512588
09609371124	0.0004127115146512588
10129991336	0.0004127115146512588
10157153212	0.0004127115146512588
10968196632	0.0004127115146512588
11121221221	0.0004127115146512588
12174772078	0.0004127115146512588
12244886688	0.0004127115146512588
12312360049	0.0004127115146512588
12454326812	0.0004127115146512588
15987412369	0.0004127115146512588
19830324123	0.0004127115146512588
19980851117	0.0004127115146512588
21913200532	0.0004127115146512588
22142721534	0.0004127115146512588
22420442539	0.0004127115146512588
23118811567	0.0004127115146512588
24522330123	0.0004127115146512588
25283864000	0.0004127115146512588
25829293030	0.0004127115146512588
26781125128	0.0004127115146512588
27483635123	0.0004127115146512588
29127540123	0.0004127115146512588
30241403815	0.0004127115146512588
30613680504	0.0004127115146512588
31271206728	0.0004127115146512588
31313001123	0.0004127115146512588
32145789123	0.0004127115146512588
34551323233	0.0004127115146512588
45005490426	0.0004127115146512588
45683968486	0.0004127115146512588
46543996000	0.0004127115146512588
46780042087	0.0004127115146512588
48484874887	0.0004127115146512588
50227830317	0.0004127115146512588
52003790731	0.0004127115146512588
52103210777	0.0004127115146512588
52742899201	0.0004127115146512588
53272386201	0.0004127115146512588
53612270927	0.0004127115146512588
54147258369	0.0004127115146512588
59053020197	0.0004127115146512588
60105821119	0.0004127115146512588
60702007624	0.0004127115146512588
60702008624	0.0004127115146512588
61002663281	0.0004127115146512588
61206389340	0.0004127115146512588
61724587963	0.0004127115146512588
67599651272	0.0004127115146512588
73549900123	0.0004127115146512588
74196385252	0.0004127115146512588
76566908133	0.0004127115146512588
77883345678	0.0004127115146512588
77889966007	0.0004127115146512588
78121312246	0.0004127115146512588
79616791115	0.0004127115146512588
80357161630	0.0004127115146512588
81012130609	0.0004127115146512588
81121180105	0.0004127115146512588
82030816246	0.0004127115146512588
83012812345	0.0004127115146512588
83111384102	0.0004127115146512588
84198888888	0.0004127115146512588
84825851015	0.0004127115146512588
85214781337	0.0004127115146512588
85214782000	0.0004127115146512588
85851528700	0.0004127115146512588
89014480507	0.0004127115146512588
90327113512	0.0004127115146512588
90500210158	0.0004127115146512588
91491680284	0.0004127115146512588
92228910282	0.0004127115146512588
92401677558	0.0004127115146512588
92492470579	0.0004127115146512588
95030123123	0.0004127115146512588
96131611980	0.0004127115146512588
96148786889	0.0004127115146512588
96160731104	0.0004127115146512588
96385274170	0.0004127115146512588
97676670595	0.0004127115146512588
20048382005	0.0004127115146512588
63210403021	0.0004127115146512588
19260228123	0.0004127115146512588
19970213777	0.0004127115146512588
59402074444	0.0004127115146512588
00312200308	0.0004127115146512588
53010172000	0.0004127115146512588
74121775074	0.0004127115146512588
53269235343	0.0004127115146512588
41387625891	0.0004127115146512588
15987654321	0.0004127115146512588
09310466090	0.0004127115146512588
17319861203	0.0004127115146512588
24275040624	0.0004127115146512588
79041390234	0.0004127115146512588
52024840618	0.0004127115146512588
02269118951	0.0004127115146512588
07851172357	0.0004127115146512588
11834997821	0.0004127115146512588
17817819864	0.0004127115146512588
20018212223	0.0004127115146512588
21027190219	0.0004127115146512588
60902250829	0.0004127115146512588
62177480978	0.0004127115146512588
70805354850	0.0004127115146512588
92070480217	0.0004127115146512588
93032320437	0.0004127115146512588
51063220423	0.0004127115146512588
19933194223	0.0004127115146512588
87010850607	0.0004127115146512588
09524106302	0.0004127115146512588
68104272486	0.0004127115146512588
30608100811	0.0004127115146512588
51308520520	0.0004127115146512588
15987456321	0.0004127115146512588
16031998066	0.0004127115146512588
74109898963	0.0004127115146512588
09607177560	0.0004127115146512588
13697354831	0.0004127115146512588
26304548123	0.0004127115146512588
68401310731	0.0004127115146512588
32094052306	0.0004127115146512588
13113572468	0.0004127115146512588
16519872001	0.0004127115146512588
12232527100	0.0004127115146512588
22443433117	0.0004127115146512588
25058432123	0.0004127115146512588
41313556837	0.0004127115146512588
65514006699	0.0004127115146512588
70416051112	0.0004127115146512588
80626161325	0.0004127115146512588
83323221063	0.0004127115146512588
32912345678	0.0004127115146512588
84030660191	0.0004127115146512588
32151612777	0.0004127115146512588
31961387052	0.0004127115146512588
31964724540	0.0004127115146512588
74269753951	0.0004127115146512588
00221177123	0.0004127115146512588
00831198294	0.0004127115146512588
06126273714	0.0004127115146512588
09350613556	0.0004127115146512588
09389946889	0.0004127115146512588
12345678665	0.0004127115146512588
12434196428	0.0004127115146512588
19930130236	0.0004127115146512588
27134162002	0.0004127115146512588
40222853498	0.0004127115146512588
57114385353	0.0004127115146512588
60930260904	0.0004127115146512588
83187654321	0.0004127115146512588
91162840924	0.0004127115146512588
95100357654	0.0004127115146512588
96523004210	0.0004127115146512588
10256748812	0.0004127115146512588
06129356569	0.0004127115146512588
95148852000	0.0004127115146512588
82245445042	0.0004127115146512588
02301750123	0.0004127115146512588
02301750555	0.0004127115146512588
02444444444	0.0004127115146512588
78784545123	0.0004127115146512588
78784545777	0.0004127115146512588
12160331123	0.0004127115146512588
12345674820	0.0004127115146512588
60214831102	0.0004127115146512588
71304057386	0.0004127115146512588
87121780641	0.0004127115146512588
90508381337	0.0004127115146512588
09111222333	0.0004127115146512588
12345600123	0.0004127115146512588
16331245123	0.0004127115146512588
22538738913	0.0004127115146512588
39398892005	0.0004127115146512588
52010261337	0.0004127115146512588
73117021896	0.0004127115146512588
78951230123	0.0004127115146512588
96414378052	0.0004127115146512588
13972370179	0.0004127115146512588
37410780821	0.0004127115146512588
89224698801	0.0004127115146512588
96321478900	0.0004127115146512588
91005574716	0.0004127115146512588
00726460127	0.0004127115146512588
49407211207	0.0004127115146512588
22011737624	0.0004127115146512588
13066860596	0.0004127115146512588
89030030836	0.0004127115146512588
03491190315	0.0004127115146512588
05040601203	0.0004127115146512588
09209640123	0.0004127115146512588
09254810130	0.0004127115146512588
09358299582	0.0004127115146512588
12319991231	0.0004127115146512588
12332112333	0.0004127115146512588
12369874566	0.0004127115146512588
13579876456	0.0004127115146512588
19948312193	0.0004127115146512588
20244753987	0.0004127115146512588
22600711337	0.0004127115146512588
22600712000	0.0004127115146512588
30133302368	0.0004127115146512588
51314201621	0.0004127115146512588
55900962001	0.0004127115146512588
75512000123	0.0004127115146512588
79218671337	0.0004127115146512588
96385274111	0.0004127115146512588
98765412308	0.0004127115146512588
99001110110	0.0004127115146512588
83705819016	0.0004127115146512588
00467676051	0.0004127115146512588
23236565789	0.0004127115146512588
13636785576	0.0004127115146512588
00900998016	0.0004127115146512588
13145200513	0.0004127115146512588
26201396123	0.0004127115146512588
26201396777	0.0004127115146512588
88999698183	0.0004127115146512588
09381477555	0.0004127115146512588
13918583619	0.0004127115146512588
14785236978	0.0004127115146512588
15935732100	0.0004127115146512588
32193782123	0.0004127115146512588
58297431568	0.0004127115146512588
58546884533	0.0004127115146512588
86422861337	0.0004127115146512588
86422862000	0.0004127115146512588
95482860162	0.0004127115146512588
