2000	0.04468355376223567
2008	0.02809534484046925
2005	0.025704251662556975
2009	0.025629530000747216
2004	0.025181200029888665
2006	0.02473287005903011
2002	0.024508705073600836
2010	0.023910931779122766
1987	0.022416498542927595
2001	0.022267055219308076
1984	0.021818725248449525
2007	0.02151983860121049
1986	0.02092206530673242
2003	0.02039901367406411
1983	0.02032429201225435
1985	0.020249570350444595
1990	0.020174848688634835
1980	0.020174848688634835
1991	0.020174848688634835
1989	0.0198759620413958
1988	0.01920346708510797
1982	0.018456250467010386
1992	0.01778375551072256
1993	0.01718598221624449
1981	0.016887095569005455
2011	0.016737652245385936
1997	0.01658820892176642
1994	0.016289322274527385
1995	0.015766270641859075
1978	0.015542105656429798
1979	0.014794889038332213
2012	0.013898229096615108
1996	0.013375177463946798
1976	0.012777404169468728
1999	0.01105880594784428
1977	0.009639094373458865
1974	0.00941492938802959
1973	0.009041321078980797
1998	0.009041321078980797
2020	0.008518269446312485
1975	0.008443547784502728
2013	0.007920496151834417
1969	0.007845774490024658
1968	0.007023836210117313
1972	0.007023836210117313
2015	0.006575506239258761
1970	0.006500784577449003
2014	0.006127176268400209
1919	0.0051557946648733465
1971	0.00500635134125383
1966	0.004782186355824554
1963	0.004707464694014795
1964	0.004483299708585519
1943	0.00440857804677576
1965	0.004333856384966001
1967	0.003960248075917209
2030	0.003586639766868415
1911	0.0032877531196293806
2099	0.0029141448105805875
1958	0.0028394231487708288
1960	0.0028394231487708288
1945	0.0026899798251513113
2046	0.0026899798251513113
1920	0.0024658148397220356
1959	0.0024658148397220356
1961	0.002391093177912277
1950	0.002316371516102518
1962	0.0022416498542927594
2016	0.0022416498542927594
2021	0.0020174848688634837
1957	0.0019427632070537248
1937	0.0017933198834342075
2050	0.0017933198834342075
1928	0.0017185982216244488
1956	0.0017185982216244488
2022	0.0017185982216244488
2023	0.0017185982216244488
2024	0.0017185982216244488
1922	0.0015691548980049316
2028	0.0015691548980049316
1925	0.0014944332361951729
1942	0.0014944332361951729
1955	0.0014944332361951729
2026	0.0014944332361951729
2033	0.0014944332361951729
1927	0.0014197115743854144
1929	0.0014197115743854144
1930	0.0014197115743854144
1952	0.0014197115743854144
2025	0.0014197115743854144
2038	0.0014197115743854144
1900	0.0013449899125756557
1923	0.0013449899125756557
1932	0.0013449899125756557
1951	0.0013449899125756557
1939	0.001270268250765897
1912	0.001270268250765897
1921	0.001270268250765897
1933	0.001270268250765897
1954	0.001270268250765897
2019	0.001270268250765897
1916	0.001270268250765897
1948	0.0011955465889561384
1953	0.0011955465889561384
1941	0.0011955465889561384
2017	0.0011955465889561384
1940	0.0011208249271463797
1944	0.0011208249271463797
1947	0.0011208249271463797
2018	0.0011208249271463797
2027	0.0011208249271463797
1949	0.001046103265336621
1909	0.0009713816035268624
1910	0.0009713816035268624
1913	0.0009713816035268624
1914	0.0009713816035268624
1917	0.0009713816035268624
1946	0.0009713816035268624
2041	0.0009713816035268624
2043	0.0009713816035268624
2058	0.0009713816035268624
2060	0.0009713816035268624
1907	0.0008966599417171038
1908	0.0008966599417171038
1924	0.0008966599417171038
1926	0.0008966599417171038
2066	0.0008966599417171038
2090	0.0008966599417171038
1902	0.0008219382799073452
1918	0.0008219382799073452
2048	0.0008219382799073452
2029	0.0008219382799073452
2032	0.0008219382799073452
2034	0.0008219382799073452
2036	0.0008219382799073452
2068	0.0008219382799073452
2072	0.0008219382799073452
2081	0.0008219382799073452
2088	0.0008219382799073452
1915	0.0008219382799073452
1938	0.0007472166180975864
2044	0.0007472166180975864
2054	0.0007472166180975864
2045	0.0007472166180975864
2083	0.0006724949562878278
1903	0.0006724949562878278
1905	0.0006724949562878278
1936	0.0006724949562878278
2055	0.0006724949562878278
2056	0.0006724949562878278
2067	0.0006724949562878278
2031	0.0006724949562878278
2049	0.0005977732944780692
2059	0.0005977732944780692
2069	0.0005977732944780692
2075	0.0005977732944780692
2077	0.0005977732944780692
2091	0.0005977732944780692
2070	0.0005977732944780692
1935	0.0005977732944780692
1901	0.0005230516326683105
2040	0.0005230516326683105
2051	0.0005230516326683105
2053	0.0005230516326683105
2062	0.0005230516326683105
2074	0.0005230516326683105
2080	0.0005230516326683105
2085	0.0005230516326683105
2063	0.0005230516326683105
2073	0.0005230516326683105
1934	0.0005230516326683105
2086	0.0005230516326683105
2095	0.0004483299708585519
2092	0.0004483299708585519
1904	0.0004483299708585519
1931	0.0004483299708585519
2042	0.0004483299708585519
2057	0.0004483299708585519
2071	0.0004483299708585519
2076	0.0004483299708585519
2078	0.0004483299708585519
2089	0.0004483299708585519
2093	0.0004483299708585519
2096	0.0004483299708585519
2065	0.0004483299708585519
2039	0.0004483299708585519
2052	0.0004483299708585519
1906	0.0003736083090487932
2035	0.0003736083090487932
2047	0.0003736083090487932
2079	0.0003736083090487932
2061	0.0003736083090487932
2037	0.0003736083090487932
2084	0.0002988866472390346
2098	0.0002988866472390346
2064	0.0002988866472390346
2094	0.00022416498542927594
2097	0.00022416498542927594
2087	0.00022416498542927594
2082	7.472166180975865e-05
