2000	0.04485074626865672
2008	0.028059701492537312
2005	0.025671641791044777
2009	0.025597014925373134
2004	0.025223880597014924
2006	0.024776119402985075
2002	0.02447761194029851
2010	0.023880597014925373
1987	0.02246268656716418
2001	0.022164179104477613
1984	0.021791044776119404
2007	0.021492537313432834
1986	0.020970149253731342
2003	0.020522388059701493
1983	0.020298507462686566
1985	0.020223880597014927
1990	0.020149253731343283
1980	0.020149253731343283
1991	0.020149253731343283
1989	0.019850746268656717
1988	0.019253731343283582
1982	0.018432835820895523
1992	0.017761194029850748
1993	0.017164179104477612
1981	0.016865671641791046
2011	0.01671641791044776
1997	0.016567164179104477
1994	0.016417910447761194
1995	0.01582089552238806
1978	0.015522388059701492
1979	0.014776119402985075
2012	0.013880597014925373
1996	0.01335820895522388
1976	0.012761194029850747
1999	0.011044776119402985
1977	0.009626865671641791
1974	0.009402985074626866
1973	0.009029850746268657
1998	0.009029850746268657
2020	0.008507462686567165
1975	0.008432835820895523
2013	0.00791044776119403
1969	0.007835820895522387
1968	0.007014925373134328
1972	0.007014925373134328
2015	0.006567164179104477
1970	0.006492537313432836
2014	0.006119402985074627
1919	0.005149253731343284
1971	0.005
1966	0.004776119402985075
1963	0.004701492537313433
1964	0.004477611940298508
1943	0.004402985074626865
1965	0.004328358208955224
1967	0.003955223880597015
2030	0.003656716417910448
1911	0.0032835820895522386
2099	0.0029104477611940297
1958	0.002835820895522388
1960	0.002835820895522388
1945	0.0026865671641791043
2046	0.0026865671641791043
1961	0.002537313432835821
1920	0.0024626865671641793
1959	0.0024626865671641793
1950	0.0023134328358208954
1962	0.002238805970149254
2016	0.002238805970149254
2021	0.0020149253731343284
1957	0.0019402985074626865
1937	0.001791044776119403
2050	0.001791044776119403
1928	0.0017164179104477613
1956	0.0017164179104477613
2022	0.0017164179104477613
2023	0.0017164179104477613
2024	0.0017164179104477613
1922	0.0015671641791044776
2028	0.0015671641791044776
1925	0.0014925373134328358
1942	0.0014925373134328358
1955	0.0014925373134328358
2026	0.0014925373134328358
2033	0.0014925373134328358
1927	0.001417910447761194
1929	0.001417910447761194
1930	0.001417910447761194
1932	0.001417910447761194
1952	0.001417910447761194
2025	0.001417910447761194
2038	0.001417910447761194
1900	0.0013432835820895521
1923	0.0013432835820895521
1951	0.0013432835820895521
1939	0.0012686567164179104
1912	0.0012686567164179104
1921	0.0012686567164179104
1933	0.0012686567164179104
1954	0.0012686567164179104
2019	0.0012686567164179104
1916	0.0012686567164179104
1948	0.0011940298507462687
1953	0.0011940298507462687
1941	0.0011940298507462687
2017	0.0011940298507462687
1940	0.001119402985074627
1944	0.001119402985074627
1947	0.001119402985074627
2018	0.001119402985074627
2027	0.001119402985074627
1949	0.001044776119402985
1909	0.0009701492537313432
1910	0.0009701492537313432
1913	0.0009701492537313432
1914	0.0009701492537313432
1917	0.0009701492537313432
1946	0.0009701492537313432
2041	0.0009701492537313432
2043	0.0009701492537313432
2058	0.0009701492537313432
2060	0.0009701492537313432
1907	0.0008955223880597015
1924	0.0008955223880597015
1926	0.0008955223880597015
2066	0.0008955223880597015
2090	0.0008955223880597015
1902	0.0008208955223880597
1908	0.0008208955223880597
1918	0.0008208955223880597
2048	0.0008208955223880597
2029	0.0008208955223880597
2032	0.0008208955223880597
2034	0.0008208955223880597
2036	0.0008208955223880597
2068	0.0008208955223880597
2072	0.0008208955223880597
2081	0.0008208955223880597
2088	0.0008208955223880597
1915	0.0008208955223880597
1938	0.0007462686567164179
2044	0.0007462686567164179
2054	0.0007462686567164179
2045	0.0007462686567164179
2083	0.0006716417910447761
1903	0.0006716417910447761
1905	0.0006716417910447761
1936	0.0006716417910447761
2055	0.0006716417910447761
2056	0.0006716417910447761
2067	0.0006716417910447761
2031	0.0006716417910447761
2049	0.0005970149253731343
2059	0.0005970149253731343
2069	0.0005970149253731343
2075	0.0005970149253731343
2077	0.0005970149253731343
2091	0.0005970149253731343
2070	0.0005970149253731343
1935	0.0005970149253731343
1901	0.0005223880597014925
1931	0.0005223880597014925
2040	0.0005223880597014925
2051	0.0005223880597014925
2053	0.0005223880597014925
2062	0.0005223880597014925
2074	0.0005223880597014925
2080	0.0005223880597014925
2085	0.0005223880597014925
2063	0.0005223880597014925
2073	0.0005223880597014925
2065	0.0005223880597014925
1934	0.0005223880597014925
2086	0.0005223880597014925
2095	0.00044776119402985075
2092	0.00044776119402985075
1904	0.00044776119402985075
2042	0.00044776119402985075
2057	0.00044776119402985075
2071	0.00044776119402985075
2076	0.00044776119402985075
2078	0.00044776119402985075
2089	0.00044776119402985075
2093	0.00044776119402985075
2096	0.00044776119402985075
2039	0.00044776119402985075
2052	0.00044776119402985075
1906	0.00037313432835820896
2035	0.00037313432835820896
2047	0.00037313432835820896
2079	0.00037313432835820896
2061	0.00037313432835820896
2037	0.00037313432835820896
2084	0.00029850746268656717
2098	0.00029850746268656717
2064	0.00029850746268656717
2094	0.00022388059701492538
2097	0.00022388059701492538
2087	0.00022388059701492538
2082	7.462686567164179e-05
