2000	0.04752851711026616
2005	0.027422514114529322
2008	0.026788800553059107
2002	0.0252909321350386
2004	0.02523332181126858
1993	0.02511810116372854
2006	0.02373545339324807
2009	0.02338979145062795
2010	0.022583246917847678
2001	0.022583246917847678
1983	0.021834312708837424
1986	0.021661481737527365
1985	0.021431040442447286
1987	0.021373430118677268
2007	0.021315819794907247
1984	0.021258209471137227
1988	0.021085378499827168
1980	0.020163613319506855
2003	0.020106002995736835
1997	0.0197027307293467
1990	0.01947228943426662
1989	0.01935706878672658
1991	0.018896186196566425
1982	0.017455928102315936
1981	0.017340707454775894
1978	0.016303721626915544
1992	0.016188500979375506
1994	0.01567000806544533
1979	0.015324346122825211
2011	0.015324346122825211
1995	0.014863463532665053
2012	0.013826477704804701
1996	0.012386219610554212
1976	0.011867726696624035
1999	0.011003571840073742
1977	0.010254637631063487
1973	0.009102431155663095
1975	0.008929600184353036
1998	0.008756769213042977
1974	0.008641548565502939
2020	0.007892614356492684
2013	0.0076045627376425855
1968	0.0074893420901025465
1969	0.0074893420901025465
1972	0.0072012904712524485
1970	0.006394745938472174
2015	0.005991473672082037
2014	0.005300149786841802
1966	0.005127318815531743
1971	0.004954487844221684
1919	0.004608825901601567
1963	0.004608825901601567
1964	0.004551215577831547
1943	0.004435994930291508
1965	0.0038598916925913123
1911	0.0037446710450512732
2030	0.0037446710450512732
1967	0.0036870607212812537
1958	0.0031685678073510772
1960	0.0028229058647309597
2099	0.0028229058647309597
1945	0.002650074893420901
1962	0.0025924645696508816
1959	0.0025348542458808617
2046	0.002477243922110842
1950	0.0023044129508007836
1961	0.002189192303260744
2016	0.0021315819794907247
1920	0.002073971655720705
1957	0.001958751008180666
2021	0.001958751008180666
1928	0.0018435303606406269
1956	0.0018435303606406269
2022	0.0017859200368706071
2024	0.0017859200368706071
1937	0.0017283097131005876
1955	0.001670699389330568
1925	0.0015554787417905289
2023	0.0015554787417905289
1929	0.0014402580942504896
1932	0.0014402580942504896
2050	0.0014402580942504896
1922	0.00138264777048047
1954	0.00138264777048047
2060	0.00138264777048047
2028	0.00138264777048047
1939	0.0013250374467104506
1923	0.0013250374467104506
1947	0.0013250374467104506
2017	0.0013250374467104506
2033	0.0013250374467104506
1921	0.0012674271229404308
1942	0.0012674271229404308
1948	0.0012674271229404308
1952	0.0012674271229404308
1953	0.0012674271229404308
1930	0.0012098167991704113
1951	0.0012098167991704113
2025	0.0012098167991704113
2026	0.0012098167991704113
1916	0.0012098167991704113
1900	0.0011522064754003918
1912	0.0011522064754003918
1940	0.0011522064754003918
2019	0.0011522064754003918
2038	0.0011522064754003918
1927	0.001094596151630372
1933	0.001094596151630372
2018	0.001094596151630372
2027	0.001094596151630372
1910	0.0010369858278603526
1926	0.0010369858278603526
1944	0.0010369858278603526
1949	0.0010369858278603526
1913	0.000979375504090333
1941	0.000979375504090333
2041	0.000979375504090333
2066	0.000979375504090333
2088	0.000979375504090333
2083	0.0009217651803203134
1908	0.0009217651803203134
1914	0.0009217651803203134
2036	0.0009217651803203134
1902	0.0008641548565502938
1907	0.0008641548565502938
1917	0.0008641548565502938
1924	0.0008641548565502938
1938	0.0008641548565502938
1946	0.0008641548565502938
2043	0.0008641548565502938
2058	0.0008641548565502938
2081	0.0008641548565502938
1903	0.0008065445327802742
1909	0.0008065445327802742
2029	0.0008065445327802742
2032	0.0008065445327802742
2068	0.0008065445327802742
2072	0.0008065445327802742
2045	0.0008065445327802742
1918	0.0007489342090102547
2044	0.0007489342090102547
2090	0.0007489342090102547
2073	0.0007489342090102547
1936	0.000691323885240235
2048	0.000691323885240235
2040	0.000691323885240235
2054	0.000691323885240235
2075	0.000691323885240235
2080	0.000691323885240235
1905	0.0006337135614702154
2034	0.0006337135614702154
2053	0.0006337135614702154
2055	0.0006337135614702154
2077	0.0006337135614702154
2070	0.0006337135614702154
1915	0.0006337135614702154
2049	0.0005761032377001959
2056	0.0005761032377001959
2067	0.0005761032377001959
2069	0.0005761032377001959
2085	0.0005761032377001959
2086	0.0005761032377001959
2031	0.0005761032377001959
1901	0.0005184929139301763
1931	0.0005184929139301763
2051	0.0005184929139301763
2076	0.0005184929139301763
2078	0.0005184929139301763
2096	0.0005184929139301763
1935	0.0005184929139301763
2092	0.0004608825901601567
2059	0.0004608825901601567
2071	0.0004608825901601567
2089	0.0004608825901601567
2091	0.0004608825901601567
2063	0.0004608825901601567
2061	0.0004608825901601567
1934	0.0004608825901601567
2039	0.0004608825901601567
1904	0.0004032722663901371
2042	0.0004032722663901371
2057	0.0004032722663901371
2062	0.0004032722663901371
2074	0.0004032722663901371
2093	0.0004032722663901371
2047	0.0004032722663901371
2065	0.0004032722663901371
2037	0.0004032722663901371
2052	0.0004032722663901371
2095	0.0003456619426201175
2035	0.0003456619426201175
2079	0.0003456619426201175
1906	0.00028805161885009795
2084	0.00023044129508007836
2098	0.00023044129508007836
2064	0.00023044129508007836
2087	0.00023044129508007836
2094	0.00017283097131005876
2097	0.00017283097131005876
2082	0.00011522064754003918
