123456123456	0.06334125098970704
120696363520	0.02454473475851148
112233445566	0.007125890736342043
123456654321	0.00395882818685669
123321123321	0.0035629453681710215
123456789123	0.0035629453681710215
040308700183	0.003167062549485352
123456789000	0.003167062549485352
000000000000	0.001979414093428345
741085209630	0.001979414093428345
753951456852	0.001979414093428345
753951852456	0.001979414093428345
789456123852	0.001979414093428345
102030405060	0.001583531274742676
110917255459	0.001583531274742676
120801281208	0.001583531274742676
123369987741	0.001583531274742676
123456789951	0.001583531274742676
159753456852	0.001583531274742676
198802190517	0.001583531274742676
200117200217	0.001583531274742676
210595770208	0.001583531274742676
226186380105	0.001583531274742676
654321123456	0.001583531274742676
784533763092	0.001583531274742676
897641825312	0.001583531274742676
951753852456	0.001583531274742676
520101987654	0.001583531274742676
014702580369	0.0011876484560570072
020405133132	0.0011876484560570072
041962095566	0.0011876484560570072
062706270627	0.0011876484560570072
080644953173	0.0011876484560570072
111812161217	0.0011876484560570072
123456789012	0.0011876484560570072
123654789000	0.0011876484560570072
132333435363	0.0011876484560570072
152535455565	0.0011876484560570072
159357123456	0.0011876484560570072
168816881688	0.0011876484560570072
198412120701	0.0011876484560570072
198502101026	0.0011876484560570072
200303016122	0.0011876484560570072
200528251351	0.0011876484560570072
212224236248	0.0011876484560570072
265338587584	0.0011876484560570072
456852753951	0.0011876484560570072
520520520520	0.0011876484560570072
520820801005	0.0011876484560570072
530823870419	0.0011876484560570072
537753775377	0.0011876484560570072
567856785678	0.0011876484560570072
584520131410	0.0011876484560570072
610102620714	0.0011876484560570072
614379924002	0.0011876484560570072
749101210805	0.0011876484560570072
753951753951	0.0011876484560570072
775500880055	0.0011876484560570072
789456123000	0.0011876484560570072
810110105511	0.0011876484560570072
820819820819	0.0011876484560570072
951753951753	0.0011876484560570072
987654987654	0.0011876484560570072
102299651996	0.0011876484560570072
820929820929	0.0011876484560570072
266269691027	0.0011876484560570072
900904860725	0.0011876484560570072
131440567890	0.0011876484560570072
051506211205	0.0011876484560570072
112607220952	0.0011876484560570072
197909166325	0.0011876484560570072
671418497617	0.0011876484560570072
000333666999	0.000791765637371338
003719295426	0.000791765637371338
012345678910	0.000791765637371338
015349587439	0.000791765637371338
022811170605	0.000791765637371338
031022045212	0.000791765637371338
040514120405	0.000791765637371338
050101250424	0.000791765637371338
062909220123	0.000791765637371338
063028293139	0.000791765637371338
086860742274	0.000791765637371338
088568088568	0.000791765637371338
092741426655	0.000791765637371338
093309190917	0.000791765637371338
095175366120	0.000791765637371338
100112215168	0.000791765637371338
100145103536	0.000791765637371338
111111111111	0.000791765637371338
111222333444	0.000791765637371338
113344667799	0.000791765637371338
120212021202	0.000791765637371338
120270877468	0.000791765637371338
121212121212	0.000791765637371338
123012301230	0.000791765637371338
123123456456	0.000791765637371338
123321123456	0.000791765637371338
123412341234	0.000791765637371338
123422343234	0.000791765637371338
123456456123	0.000791765637371338
123456789987	0.000791765637371338
123654456321	0.000791765637371338
124578986532	0.000791765637371338
126363800712	0.000791765637371338
126459756423	0.000791765637371338
147258369000	0.000791765637371338
147852147852	0.000791765637371338
147852369000	0.000791765637371338
153246486579	0.000791765637371338
158204158204	0.000791765637371338
159453627981	0.000791765637371338
159753852456	0.000791765637371338
177188334455	0.000791765637371338
195255967896	0.000791765637371338
196449196449	0.000791765637371338
198807137713	0.000791765637371338
199192420212	0.000791765637371338
199519951995	0.000791765637371338
200204150342	0.000791765637371338
210121012101	0.000791765637371338
221221321321	0.000791765637371338
221745686918	0.000791765637371338
222222222222	0.000791765637371338
227045821220	0.000791765637371338
242433177999	0.000791765637371338
250118250118	0.000791765637371338
258456159753	0.000791765637371338
270299337711	0.000791765637371338
287532287532	0.000791765637371338
312141300337	0.000791765637371338
389910260930	0.000791765637371338
392880961013	0.000791765637371338
411410235566	0.000791765637371338
456789456789	0.000791765637371338
456852951753	0.000791765637371338
520131474816	0.000791765637371338
520989731326	0.000791765637371338
560820560820	0.000791765637371338
566077895621	0.000791765637371338
571486426719	0.000791765637371338
574122855412	0.000791765637371338
610459610422	0.000791765637371338
631224631224	0.000791765637371338
651026591212	0.000791765637371338
666666666666	0.000791765637371338
700319520530	0.000791765637371338
700714700714	0.000791765637371338
710124710124	0.000791765637371338
710552710552	0.000791765637371338
720507670610	0.000791765637371338
730130451015	0.000791765637371338
734873487348	0.000791765637371338
743764821256	0.000791765637371338
751107751107	0.000791765637371338
753159753159	0.000791765637371338
760518696325	0.000791765637371338
761011955020	0.000791765637371338
771029780104	0.000791765637371338
780825222060	0.000791765637371338
781002740719	0.000791765637371338
781201781201	0.000791765637371338
789456123078	0.000791765637371338
789456123456	0.000791765637371338
789456851853	0.000791765637371338
789512369800	0.000791765637371338
800130145466	0.000791765637371338
801067034784	0.000791765637371338
830802101147	0.000791765637371338
831212960912	0.000791765637371338
832383238323	0.000791765637371338
846057299565	0.000791765637371338
850829086258	0.000791765637371338
851204930812	0.000791765637371338
851753850101	0.000791765637371338
852085208520	0.000791765637371338
852456852456	0.000791765637371338
852963741000	0.000791765637371338
870120933523	0.000791765637371338
876543219123	0.000791765637371338
876587658765	0.000791765637371338
886615886615	0.000791765637371338
888888888888	0.000791765637371338
890229873123	0.000791765637371338
890925930131	0.000791765637371338
891163891163	0.000791765637371338
900427911223	0.000791765637371338
909352267790	0.000791765637371338
920258012812	0.000791765637371338
927456654123	0.000791765637371338
930109308010	0.000791765637371338
940004940004	0.000791765637371338
940228940228	0.000791765637371338
950048950049	0.000791765637371338
955295529552	0.000791765637371338
960510971219	0.000791765637371338
987987987987	0.000791765637371338
112113114115	0.000791765637371338
147852369123	0.000791765637371338
495048991069	0.000791765637371338
113310113310	0.000791765637371338
122122122223	0.000791765637371338
020478780720	0.000791765637371338
850423870131	0.000791765637371338
112358132134	0.000791765637371338
623951357000	0.000791765637371338
550328112052	0.000791765637371338
557291912632	0.000791765637371338
753951159357	0.000791765637371338
509118972495	0.000791765637371338
101406030919	0.000791765637371338
125272218200	0.000791765637371338
246810246810	0.000791765637371338
369963369963	0.000791765637371338
721446639600	0.000791765637371338
852456951753	0.000791765637371338
871024090661	0.000791765637371338
202020303030	0.000791765637371338
885206102457	0.000791765637371338
106810681068	0.000791765637371338
870921870921	0.000791765637371338
282328880005	0.000791765637371338
091962506987	0.000791765637371338
255906791277	0.000791765637371338
478214636524	0.000791765637371338
848422520520	0.000791765637371338
744455012658	0.000791765637371338
770931550642	0.000791765637371338
112233665544	0.000791765637371338
662155662155	0.000791765637371338
250054601298	0.000791765637371338
141414141414	0.000791765637371338
199322870214	0.000791765637371338
780313581207	0.000791765637371338
139030721025	0.000791765637371338
790805840203	0.000791765637371338
878747878521	0.000791765637371338
174671119536	0.000791765637371338
912064889350	0.000791765637371338
110119113117	0.000791765637371338
198808311220	0.000791765637371338
277877818916	0.000791765637371338
520781006520	0.000791765637371338
731013730919	0.000791765637371338
821106850620	0.000791765637371338
970908101114	0.000791765637371338
334522362236	0.000791765637371338
173302210728	0.000791765637371338
245153159357	0.000791765637371338
229278035625	0.000791765637371338
093233520102	0.000791765637371338
980336123456	0.000791765637371338
000000001542	0.000395882818685669
000000123456	0.000395882818685669
000002217374	0.000395882818685669
000010201217	0.000395882818685669
000111000111	0.000395882818685669
000123000123	0.000395882818685669
000418271880	0.000395882818685669
001500001723	0.000395882818685669
002002002002	0.000395882818685669
004422550022	0.000395882818685669
007007007007	0.000395882818685669
007719840301	0.000395882818685669
009009009009	0.000395882818685669
009102973399	0.000395882818685669
000939353028	0.000395882818685669
010203030201	0.000395882818685669
010210010210	0.000395882818685669
010219776639	0.000395882818685669
010501050105	0.000395882818685669
012137012137	0.000395882818685669
012227746333	0.000395882818685669
012301230123	0.000395882818685669
012302150706	0.000395882818685669
012304560789	0.000395882818685669
012345543210	0.000395882818685669
012345678900	0.000395882818685669
012402130416	0.000395882818685669
012706221030	0.000395882818685669
013208311326	0.000395882818685669
014701470147	0.000395882818685669
015297879912	0.000395882818685669
020202050505	0.000395882818685669
020204130409	0.000395882818685669
020419851217	0.000395882818685669
020426201158	0.000395882818685669
020488824021	0.000395882818685669
020490030601	0.000395882818685669
020712171980	0.000395882818685669
021802180218	0.000395882818685669
022036021164	0.000395882818685669
022246237969	0.000395882818685669
022808141216	0.000395882818685669
023206816456	0.000395882818685669
026458589948	0.000395882818685669
028794028794	0.000395882818685669
030166292042	0.000395882818685669
030612190530	0.000395882818685669
030812173135	0.000395882818685669
030938602159	0.000395882818685669
030983438558	0.000395882818685669
031965400703	0.000395882818685669
032165498789	0.000395882818685669
032374022675	0.000395882818685669
032379718865	0.000395882818685669
032505500911	0.000395882818685669
032602121109	0.000395882818685669
032706150825	0.000395882818685669
032707220615	0.000395882818685669
032804250301	0.000395882818685669
032903290531	0.000395882818685669
033003300330	0.000395882818685669
033315523777	0.000395882818685669
033870106272	0.000395882818685669
034392869626	0.000395882818685669
034639227123	0.000395882818685669
036902580147	0.000395882818685669
036925814788	0.000395882818685669
037542107107	0.000395882818685669
037758948123	0.000395882818685669
038561880930	0.000395882818685669
038664053123	0.000395882818685669
040303030124	0.000395882818685669
040607110815	0.000395882818685669
040810240617	0.000395882818685669
040904090409	0.000395882818685669
041208170817	0.000395882818685669
041804180214	0.000395882818685669
042538042538	0.000395882818685669
046217192626	0.000395882818685669
048704870487	0.000395882818685669
048753915001	0.000395882818685669
050505269391	0.000395882818685669
050510761726	0.000395882818685669
050709364129	0.000395882818685669
050980150065	0.000395882818685669
051008290609	0.000395882818685669
051012020330	0.000395882818685669
051357915975	0.000395882818685669
051407171012	0.000395882818685669
051605160516	0.000395882818685669
051902160322	0.000395882818685669
052908151993	0.000395882818685669
053436205251	0.000395882818685669
055821381123	0.000395882818685669
060207300128	0.000395882818685669
060907101123	0.000395882818685669
061012250610	0.000395882818685669
061306130613	0.000395882818685669
061307270531	0.000395882818685669
062056071062	0.000395882818685669
062103250107	0.000395882818685669
062106210621	0.000395882818685669
065990423123	0.000395882818685669
070012131415	0.000395882818685669
070107010701	0.000395882818685669
070710181206	0.000395882818685669
070911212728	0.000395882818685669
071065050406	0.000395882818685669
071301120603	0.000395882818685669
071406071406	0.000395882818685669
072411030425	0.000395882818685669
072529460089	0.000395882818685669
074998074998	0.000395882818685669
076022160869	0.000395882818685669
076983218033	0.000395882818685669
080101080102	0.000395882818685669
080308030803	0.000395882818685669
080816891689	0.000395882818685669
080902120823	0.000395882818685669
081108110811	0.000395882818685669
081318001828	0.000395882818685669
081509281210	0.000395882818685669
081512120630	0.000395882818685669
082240082240	0.000395882818685669
082311171123	0.000395882818685669
082508250825	0.000395882818685669
082609301010	0.000395882818685669
085708570857	0.000395882818685669
090701810617	0.000395882818685669
090909081211	0.000395882818685669
091006091006	0.000395882818685669
091062775617	0.000395882818685669
091073127307	0.000395882818685669
091109110911	0.000395882818685669
091109210931	0.000395882818685669
091207171223	0.000395882818685669
091295267766	0.000395882818685669
091326269321	0.000395882818685669
091634500618	0.000395882818685669
091646949124	0.000395882818685669
091809180918	0.000395882818685669
091817238989	0.000395882818685669
091971357015	0.000395882818685669
092007151118	0.000395882818685669
092107220722	0.000395882818685669
092226017927	0.000395882818685669
092240897638	0.000395882818685669
092274553252	0.000395882818685669
092357425311	0.000395882818685669
092385091805	0.000395882818685669
092587615017	0.000395882818685669
092671061832	0.000395882818685669
092681849621	0.000395882818685669
092700535219	0.000395882818685669
092991215215	0.000395882818685669
093022115836	0.000395882818685669
093251547811	0.000395882818685669
093281399990	0.000395882818685669
093532967317	0.000395882818685669
093622189241	0.000395882818685669
095032034466	0.000395882818685669
095308120812	0.000395882818685669
095520253515	0.000395882818685669
095568095568	0.000395882818685669
095788148452	0.000395882818685669
095825222522	0.000395882818685669
096851897115	0.000395882818685669
097182934560	0.000395882818685669
098098098098	0.000395882818685669
098765432123	0.000395882818685669
098890098890	0.000395882818685669
099598984898	0.000395882818685669
100031000221	0.000395882818685669
100171228527	0.000395882818685669
100926112552	0.000395882818685669
100959765450	0.000395882818685669
101010101010	0.000395882818685669
101211061112	0.000395882818685669
101321174118	0.000395882818685669
101597251850	0.000395882818685669
101804100525	0.000395882818685669
102228251515	0.000395882818685669
102310231023	0.000395882818685669
102402130119	0.000395882818685669
102409399459	0.000395882818685669
102810291030	0.000395882818685669
102811301069	0.000395882818685669
102910291029	0.000395882818685669
103007290830	0.000395882818685669
103410341034	0.000395882818685669
105867770827	0.000395882818685669
106910691069	0.000395882818685669
106918539418	0.000395882818685669
108559108559	0.000395882818685669
110119110119	0.000395882818685669
110203456789	0.000395882818685669
110209328406	0.000395882818685669
110212131102	0.000395882818685669
110401160121	0.000395882818685669
110566110566	0.000395882818685669
110809200423	0.000395882818685669
110905121109	0.000395882818685669
111000222999	0.000395882818685669
111005040410	0.000395882818685669
111111222222	0.000395882818685669
111122223333	0.000395882818685669
111211020113	0.000395882818685669
111222555888	0.000395882818685669
111333111333	0.000395882818685669
111555999951	0.000395882818685669
111605290602	0.000395882818685669
111710200501	0.000395882818685669
112101011202	0.000395882818685669
112103170315	0.000395882818685669
112233112233	0.000395882818685669
112233440820	0.000395882818685669
112233850110	0.000395882818685669
112311231123	0.000395882818685669
112334556778	0.000395882818685669
112432829620	0.000395882818685669
112511281125	0.000395882818685669
112701290608	0.000395882818685669
112779853246	0.000395882818685669
112801260128	0.000395882818685669
112804121119	0.000395882818685669
112920032003	0.000395882818685669
114477225588	0.000395882818685669
114692377158	0.000395882818685669
116375348260	0.000395882818685669
116511651165	0.000395882818685669
118221332441	0.000395882818685669
120134035601	0.000395882818685669
120912121005	0.000395882818685669
121211020831	0.000395882818685669
121211853012	0.000395882818685669
121242121242	0.000395882818685669
121603050822	0.000395882818685669
121651464555	0.000395882818685669
121678994123	0.000395882818685669
121723411124	0.000395882818685669
122322497123	0.000395882818685669
122402161024	0.000395882818685669
122412246142	0.000395882818685669
122412360236	0.000395882818685669
122430444343	0.000395882818685669
122612122612	0.000395882818685669
122822122822	0.000395882818685669
122901160425	0.000395882818685669
123003661213	0.000395882818685669
123106151208	0.000395882818685669
123123123123	0.000395882818685669
123123159159	0.000395882818685669
123123456789	0.000395882818685669
123168111123	0.000395882818685669
123245657898	0.000395882818685669
123320123320	0.000395882818685669
123321213321	0.000395882818685669
123321341123	0.000395882818685669
123321456654	0.000395882818685669
123321456789	0.000395882818685669
123321987789	0.000395882818685669
123412341221	0.000395882818685669
123443211123	0.000395882818685669
123454321234	0.000395882818685669
123456777888	0.000395882818685669
123456781234	0.000395882818685669
123456783066	0.000395882818685669
123456789026	0.000395882818685669
123456789100	0.000395882818685669
123456789112	0.000395882818685669
123456789119	0.000395882818685669
123456789132	0.000395882818685669
123456789266	0.000395882818685669
123456789422	0.000395882818685669
123456789444	0.000395882818685669
123456789456	0.000395882818685669
123456789630	0.000395882818685669
123456789777	0.000395882818685669
123456789999	0.000395882818685669
123456987789	0.000395882818685669
123572659369	0.000395882818685669
123612361236	0.000395882818685669
123741963789	0.000395882818685669
123801211520	0.000395882818685669
123806688519	0.000395882818685669
123852456852	0.000395882818685669
123936865123	0.000395882818685669
123936865777	0.000395882818685669
123987456000	0.000395882818685669
123987852258	0.000395882818685669
124037898951	0.000395882818685669
124067345123	0.000395882818685669
124067345555	0.000395882818685669
124578124578	0.000395882818685669
125078997899	0.000395882818685669
125125125326	0.000395882818685669
125789125789	0.000395882818685669
125874125874	0.000395882818685669
125959359123	0.000395882818685669
127878127878	0.000395882818685669
128790919279	0.000395882818685669
129679391203	0.000395882818685669
130289130289	0.000395882818685669
131433445204	0.000395882818685669
131452118505	0.000395882818685669
131838739201	0.000395882818685669
132435465768	0.000395882818685669
133221333123	0.000395882818685669
134679134679	0.000395882818685669
134679976431	0.000395882818685669
135055667735	0.000395882818685669
135790135790	0.000395882818685669
135792468123	0.000395882818685669
135792468777	0.000395882818685669
135792468951	0.000395882818685669
136921369171	0.000395882818685669
138023980222	0.000395882818685669
138136132406	0.000395882818685669
142553142553	0.000395882818685669
143914391439	0.000395882818685669
144125523663	0.000395882818685669
145367290264	0.000395882818685669
145632145632	0.000395882818685669
146166562533	0.000395882818685669
146341200106	0.000395882818685669
147369123789	0.000395882818685669
147741456654	0.000395882818685669
147895123695	0.000395882818685669
149514951414	0.000395882818685669
150021150021	0.000395882818685669
150026781011	0.000395882818685669
151727133412	0.000395882818685669
152015161413	0.000395882818685669
152331380222	0.000395882818685669
153351153351	0.000395882818685669
153624153624	0.000395882818685669
155083155083	0.000395882818685669
155102410246	0.000395882818685669
155391193551	0.000395882818685669
156354354156	0.000395882818685669
159357147369	0.000395882818685669
159357232419	0.000395882818685669
159357456258	0.000395882818685669
159357456852	0.000395882818685669
159357741852	0.000395882818685669
159357852456	0.000395882818685669
159753123456	0.000395882818685669
159753156354	0.000395882818685669
159753159753	0.000395882818685669
159753409502	0.000395882818685669
159852357410	0.000395882818685669
159876543210	0.000395882818685669
159951159951	0.000395882818685669
160154545097	0.000395882818685669
161192161192	0.000395882818685669
162577779116	0.000395882818685669
162636465666	0.000395882818685669
163101321224	0.000395882818685669
166867166867	0.000395882818685669
170911449904	0.000395882818685669
170919383978	0.000395882818685669
170930147758	0.000395882818685669
171717171717	0.000395882818685669
172221401722	0.000395882818685669
174273174270	0.000395882818685669
174517451745	0.000395882818685669
174617461746	0.000395882818685669
175551755517	0.000395882818685669
181918191819	0.000395882818685669
183817900840	0.000395882818685669
188888888333	0.000395882818685669
189789789789	0.000395882818685669
190919081907	0.000395882818685669
192545706388	0.000395882818685669
196019611998	0.000395882818685669
196210051121	0.000395882818685669
196423739051	0.000395882818685669
197605245416	0.000395882818685669
197608250918	0.000395882818685669
197612181028	0.000395882818685669
197705311028	0.000395882818685669
197904300506	0.000395882818685669
198006198248	0.000395882818685669
198110290114	0.000395882818685669
198111090520	0.000395882818685669
198119791969	0.000395882818685669
198204101105	0.000395882818685669
198210111225	0.000395882818685669
198219851987	0.000395882818685669
198303151026	0.000395882818685669
198305040322	0.000395882818685669
198307132046	0.000395882818685669
198308110811	0.000395882818685669
198407030405	0.000395882818685669
198410120814	0.000395882818685669
198432200310	0.000395882818685669
198503135467	0.000395882818685669
198507145658	0.000395882818685669
198511071619	0.000395882818685669
198603261159	0.000395882818685669
198605210210	0.000395882818685669
198605305168	0.000395882818685669
198607181118	0.000395882818685669
198609080610	0.000395882818685669
198610033311	0.000395882818685669
198691280333	0.000395882818685669
198692380441	0.000395882818685669
198704060023	0.000395882818685669
198711280510	0.000395882818685669
198788901214	0.000395882818685669
198802151314	0.000395882818685669
198811301201	0.000395882818685669
198877521520	0.000395882818685669
198905080405	0.000395882818685669
198907090607	0.000395882818685669
198974198974	0.000395882818685669
198977880724	0.000395882818685669
198978216214	0.000395882818685669
198978842002	0.000395882818685669
199010020135	0.000395882818685669
199109071109	0.000395882818685669
199110166589	0.000395882818685669
199134345678	0.000395882818685669
199147458522	0.000395882818685669
199180031412	0.000395882818685669
199382392002	0.000395882818685669
199404140304	0.000395882818685669
199512260307	0.000395882818685669
199607010014	0.000395882818685669
199609201540	0.000395882818685669
199908191999	0.000395882818685669
886460827015	0.000395882818685669
070953761916	0.000395882818685669
200019860210	0.000395882818685669
200153253520	0.000395882818685669
200200200123	0.000395882818685669
200309170917	0.000395882818685669
200312120917	0.000395882818685669
200320032002	0.000395882818685669
200366200366	0.000395882818685669
200462270353	0.000395882818685669
201003081200	0.000395882818685669
201141292685	0.000395882818685669
201211112030	0.000395882818685669
201304130203	0.000395882818685669
201308210976	0.000395882818685669
201420152016	0.000395882818685669
201520152015	0.000395882818685669
201602011345	0.000395882818685669
201711628928	0.000395882818685669
202152022123	0.000395882818685669
204220422042	0.000395882818685669
204597565053	0.000395882818685669
205229205229	0.000395882818685669
205820581779	0.000395882818685669
207657144126	0.000395882818685669
208206110119	0.000395882818685669
209218830433	0.000395882818685669
210023112233	0.000395882818685669
210150210150	0.000395882818685669
210158770505	0.000395882818685669
210653210653	0.000395882818685669
211414211414	0.000395882818685669
212004992110	0.000395882818685669
212008217001	0.000395882818685669
212010212010	0.000395882818685669
212531323337	0.000395882818685669
215403736900	0.000395882818685669
216127020521	0.000395882818685669
218021802180	0.000395882818685669
220915991677	0.000395882818685669
223091403387	0.000395882818685669
224031224031	0.000395882818685669
224110645430	0.000395882818685669
224246098024	0.000395882818685669
224444246810	0.000395882818685669
224864840123	0.000395882818685669
225822225822	0.000395882818685669
226208465785	0.000395882818685669
226479862004	0.000395882818685669
226622662266	0.000395882818685669
228205200922	0.000395882818685669
228708316333	0.000395882818685669
228932231126	0.000395882818685669
228961500720	0.000395882818685669
229839420817	0.000395882818685669
231725231725	0.000395882818685669
233501021514	0.000395882818685669
233781678218	0.000395882818685669
233944339990	0.000395882818685669
234517355555	0.000395882818685669
234589785612	0.000395882818685669
235689124578	0.000395882818685669
235901109532	0.000395882818685669
238393201215	0.000395882818685669
238623862386	0.000395882818685669
239174964099	0.000395882818685669
240703052412	0.000395882818685669
240981363808	0.000395882818685669
241214241214	0.000395882818685669
241422351661	0.000395882818685669
242222242222	0.000395882818685669
243106871337	0.000395882818685669
243106872000	0.000395882818685669
245506130147	0.000395882818685669
246895367514	0.000395882818685669
248613758193	0.000395882818685669
248697131201	0.000395882818685669
253676150424	0.000395882818685669
254195100237	0.000395882818685669
254288254288	0.000395882818685669
254595859872	0.000395882818685669
255303115414	0.000395882818685669
256275252562	0.000395882818685669
256725672567	0.000395882818685669
257810236217	0.000395882818685669
257984163542	0.000395882818685669
258147369011	0.000395882818685669
258147369012	0.000395882818685669
258456357951	0.000395882818685669
258852258852	0.000395882818685669
261126112611	0.000395882818685669
262327065566	0.000395882818685669
263696263696	0.000395882818685669
265204833333	0.000395882818685669
268058696213	0.000395882818685669
268424862589	0.000395882818685669
271061000312	0.000395882818685669
273898435566	0.000395882818685669
277179400702	0.000395882818685669
277367277367	0.000395882818685669
280107865026	0.000395882818685669
280833883688	0.000395882818685669
282819192020	0.000395882818685669
283964283964	0.000395882818685669
284284112233	0.000395882818685669
287182881201	0.000395882818685669
290821027069	0.000395882818685669
292929808808	0.000395882818685669
295665181213	0.000395882818685669
296353296353	0.000395882818685669
141467980983	0.000395882818685669
300319892630	0.000395882818685669
300333619543	0.000395882818685669
300394930227	0.000395882818685669
301032040200	0.000395882818685669
301245320016	0.000395882818685669
301415926535	0.000395882818685669
302211302211	0.000395882818685669
302273318160	0.000395882818685669
303028914613	0.000395882818685669
307318307318	0.000395882818685669
309128128128	0.000395882818685669
310112821014	0.000395882818685669
312013202938	0.000395882818685669
313545313545	0.000395882818685669
314159265358	0.000395882818685669
314159265859	0.000395882818685669
314204035240	0.000395882818685669
319412269419	0.000395882818685669
321258321258	0.000395882818685669
321972532191	0.000395882818685669
325112325112	0.000395882818685669
326654960192	0.000395882818685669
331251331251	0.000395882818685669
331913263816	0.000395882818685669
332497151631	0.000395882818685669
333444555666	0.000395882818685669
333504304074	0.000395882818685669
333888333888	0.000395882818685669
335480335480	0.000395882818685669
336981062605	0.000395882818685669
337720022003	0.000395882818685669
338301350355	0.000395882818685669
338333833383	0.000395882818685669
340121061824	0.000395882818685669
341211341211	0.000395882818685669
343444034221	0.000395882818685669
343531363738	0.000395882818685669
345381963373	0.000395882818685669
348902317216	0.000395882818685669
349943761167	0.000395882818685669
352512097668	0.000395882818685669
355250611421	0.000395882818685669
356035603560	0.000395882818685669
357357357357	0.000395882818685669
357839794204	0.000395882818685669
357951235689	0.000395882818685669
359435965105	0.000395882818685669
362029110140	0.000395882818685669
366839073300	0.000395882818685669
369369369369	0.000395882818685669
370012526984	0.000395882818685669
371237123712	0.000395882818685669
372137213721	0.000395882818685669
386382623555	0.000395882818685669
387387378378	0.000395882818685669
388802760923	0.000395882818685669
389938993899	0.000395882818685669
393132333806	0.000395882818685669
395083654321	0.000395882818685669
403000403000	0.000395882818685669
405060102030	0.000395882818685669
406010406010	0.000395882818685669
406640664066	0.000395882818685669
408422969608	0.000395882818685669
410520421023	0.000395882818685669
410774410774	0.000395882818685669
415263415263	0.000395882818685669
421518151518	0.000395882818685669
427300622407	0.000395882818685669
428428428428	0.000395882818685669
440902450113	0.000395882818685669
441167531242	0.000395882818685669
441236614646	0.000395882818685669
443325182222	0.000395882818685669
445566112233	0.000395882818685669
445566885522	0.000395882818685669
446601234679	0.000395882818685669
449610211102	0.000395882818685669
450521541003	0.000395882818685669
455070658750	0.000395882818685669
456654456789	0.000395882818685669
456789123255	0.000395882818685669
456789123456	0.000395882818685669
460520460520	0.000395882818685669
467020104312	0.000395882818685669
469234262221	0.000395882818685669
470123680601	0.000395882818685669
471018061905	0.000395882818685669
474647464746	0.000395882818685669
479304077197	0.000395882818685669
482275834094	0.000395882818685669
487809188888	0.000395882818685669
489632489632	0.000395882818685669
490115390801	0.000395882818685669
490306900921	0.000395882818685669
493927493927	0.000395882818685669
501375354014	0.000395882818685669
503144918390	0.000395882818685669
504128866556	0.000395882818685669
510091922618	0.000395882818685669
510412510412	0.000395882818685669
510580510580	0.000395882818685669
510620730840	0.000395882818685669
511329511329	0.000395882818685669
512441118220	0.000395882818685669
512651265126	0.000395882818685669
513344513344	0.000395882818685669
513523513523	0.000395882818685669
515414515414	0.000395882818685669
516666666666	0.000395882818685669
516669963072	0.000395882818685669
516688516688	0.000395882818685669
518023381419	0.000395882818685669
518029283878	0.000395882818685669
518751875187	0.000395882818685669
520351992349	0.000395882818685669
520352035203	0.000395882818685669
520365520365	0.000395882818685669
520520520257	0.000395882818685669
520520520619	0.000395882818685669
520820531125	0.000395882818685669
521015611030	0.000395882818685669
521314790312	0.000395882818685669
521410413423	0.000395882818685669
523252523252	0.000395882818685669
524024110518	0.000395882818685669
524152415241	0.000395882818685669
524524524524	0.000395882818685669
526101862606	0.000395882818685669
526524526523	0.000395882818685669
527852785278	0.000395882818685669
528852885288	0.000395882818685669
532018477880	0.000395882818685669
532726292012	0.000395882818685669
535231291125	0.000395882818685669
540817540817	0.000395882818685669
541000000000	0.000395882818685669
541005541005	0.000395882818685669
541236541236	0.000395882818685669
541254125412	0.000395882818685669
543854385438	0.000395882818685669
548620026845	0.000395882818685669
548719821109	0.000395882818685669
550123840220	0.000395882818685669
550218550218	0.000395882818685669
550601800413	0.000395882818685669
550707640204	0.000395882818685669
551231661231	0.000395882818685669
552244110066	0.000395882818685669
555233277665	0.000395882818685669
555555666666	0.000395882818685669
555666779658	0.000395882818685669
556618322514	0.000395882818685669
556655665566	0.000395882818685669
556677889900	0.000395882818685669
556698000000	0.000395882818685669
556877556877	0.000395882818685669
557719820312	0.000395882818685669
560415560415	0.000395882818685669
561216085788	0.000395882818685669
566566566566	0.000395882818685669
567890567890	0.000395882818685669
568318272807	0.000395882818685669
570106860716	0.000395882818685669
570123570123	0.000395882818685669
570714417075	0.000395882818685669
571027571027	0.000395882818685669
575859515253	0.000395882818685669
579177579177	0.000395882818685669
580601630309	0.000395882818685669
580712631111	0.000395882818685669
580807580807	0.000395882818685669
581009581009	0.000395882818685669
581871235842	0.000395882818685669
583920583920	0.000395882818685669
584520131455	0.000395882818685669
586122586122	0.000395882818685669
586967471300	0.000395882818685669
588588588588	0.000395882818685669
590209630815	0.000395882818685669
590409700214	0.000395882818685669
591105591105	0.000395882818685669
592319761122	0.000395882818685669
594205594205	0.000395882818685669
607296072955	0.000395882818685669
610725610725	0.000395882818685669
610824610824	0.000395882818685669
611032400700	0.000395882818685669
611208631112	0.000395882818685669
613061306130	0.000395882818685669
614121766421	0.000395882818685669
614341234567	0.000395882818685669
620126620126	0.000395882818685669
620415600517	0.000395882818685669
621262126212	0.000395882818685669
622062200123	0.000395882818685669
626626626626	0.000395882818685669
629921629921	0.000395882818685669
630401630401	0.000395882818685669
630908630908	0.000395882818685669
631108631108	0.000395882818685669
631110580816	0.000395882818685669
631212601108	0.000395882818685669
631220631220	0.000395882818685669
631229680329	0.000395882818685669
634120030513	0.000395882818685669
634907622177	0.000395882818685669
641012641012	0.000395882818685669
641027641027	0.000395882818685669
641124650830	0.000395882818685669
641210641210	0.000395882818685669
642364255488	0.000395882818685669
643082075027	0.000395882818685669
645747121221	0.000395882818685669
650612001128	0.000395882818685669
650680914599	0.000395882818685669
651008680303	0.000395882818685669
651102999666	0.000395882818685669
651212341223	0.000395882818685669
654165416541	0.000395882818685669
654546320102	0.000395882818685669
655297655297	0.000395882818685669
656486248123	0.000395882818685669
659975385158	0.000395882818685669
660426641103	0.000395882818685669
660821660821	0.000395882818685669
660937375306	0.000395882818685669
661320031258	0.000395882818685669
665544332211	0.000395882818685669
666333111666	0.000395882818685669
666666150309	0.000395882818685669
666888123456	0.000395882818685669
667521659887	0.000395882818685669
670223670223	0.000395882818685669
670815671105	0.000395882818685669
671126931990	0.000395882818685669
671227700918	0.000395882818685669
671717671717	0.000395882818685669
676708676708	0.000395882818685669
680409720312	0.000395882818685669
680902730415	0.000395882818685669
689779290320	0.000395882818685669
690204650425	0.000395882818685669
690704681203	0.000395882818685669
690822740601	0.000395882818685669
690824700917	0.000395882818685669
691029661122	0.000395882818685669
691107661026	0.000395882818685669
691179116911	0.000395882818685669
691202690530	0.000395882818685669
691221852094	0.000395882818685669
693612963123	0.000395882818685669
696991215225	0.000395882818685669
698741698741	0.000395882818685669
700703501723	0.000395882818685669
700717721223	0.000395882818685669
700726700726	0.000395882818685669
700820232423	0.000395882818685669
700910680326	0.000395882818685669
701109630925	0.000395882818685669
701122701122	0.000395882818685669
701206701206	0.000395882818685669
701221731210	0.000395882818685669
701229920511	0.000395882818685669
701313701313	0.000395882818685669
710401730330	0.000395882818685669
710520710619	0.000395882818685669
710521710521	0.000395882818685669
710617378352	0.000395882818685669
710716710716	0.000395882818685669
710805710805	0.000395882818685669
712966712966	0.000395882818685669
716168359921	0.000395882818685669
718293794613	0.000395882818685669
718818718818	0.000395882818685669
720305691213	0.000395882818685669
720601720601	0.000395882818685669
720726680617	0.000395882818685669
720921720921	0.000395882818685669
721028145368	0.000395882818685669
721111721111	0.000395882818685669
721125720808	0.000395882818685669
721206711028	0.000395882818685669
721520301314	0.000395882818685669
722130300251	0.000395882818685669
724212626555	0.000395882818685669
725381677227	0.000395882818685669
727383840731	0.000395882818685669
729391729391	0.000395882818685669
729508729508	0.000395882818685669
729623806701	0.000395882818685669
730410710627	0.000395882818685669
730527730527	0.000395882818685669
730927730927	0.000395882818685669
731220588999	0.000395882818685669
731227721229	0.000395882818685669
732732060420	0.000395882818685669
737473747374	0.000395882818685669
738165215683	0.000395882818685669
738699083952	0.000395882818685669
739462500325	0.000395882818685669
740132891120	0.000395882818685669
740605740605	0.000395882818685669
740609740325	0.000395882818685669
740619760813	0.000395882818685669
740706740706	0.000395882818685669
740929740929	0.000395882818685669
741029016001	0.000395882818685669
741074107410	0.000395882818685669
741123369987	0.000395882818685669
741211418518	0.000395882818685669
741223750704	0.000395882818685669
741789635123	0.000395882818685669
741852741852	0.000395882818685669
741852951753	0.000395882818685669
741852963000	0.000395882818685669
741852963456	0.000395882818685669
741852963741	0.000395882818685669
741953963751	0.000395882818685669
744444444444	0.000395882818685669
747896456123	0.000395882818685669
747954890433	0.000395882818685669
748086748086	0.000395882818685669
748174733905	0.000395882818685669
748596415263	0.000395882818685669
750614750422	0.000395882818685669
750616750627	0.000395882818685669
750715750715	0.000395882818685669
750802731105	0.000395882818685669
750827740727	0.000395882818685669
751011660908	0.000395882818685669
751024751024	0.000395882818685669
751028770402	0.000395882818685669
751072693065	0.000395882818685669
753159258456	0.000395882818685669
753357753357	0.000395882818685669
753753951951	0.000395882818685669
753951842600	0.000395882818685669
757155757155	0.000395882818685669
760125760403	0.000395882818685669
760127760127	0.000395882818685669
760216111212	0.000395882818685669
760503751004	0.000395882818685669
760523760523	0.000395882818685669
760614760614	0.000395882818685669
760624760624	0.000395882818685669
760809760809	0.000395882818685669
760905760905	0.000395882818685669
761003300167	0.000395882818685669
761004761004	0.000395882818685669
761017761017	0.000395882818685669
761104761105	0.000395882818685669
761218812167	0.000395882818685669
762052010274	0.000395882818685669
762723034928	0.000395882818685669
763852094168	0.000395882818685669
763921347189	0.000395882818685669
767896411296	0.000395882818685669
770123456789	0.000395882818685669
770205257214	0.000395882818685669
770211816318	0.000395882818685669
770223770223	0.000395882818685669
770228790412	0.000395882818685669
770912003060	0.000395882818685669
771017711017	0.000395882818685669
771024771024	0.000395882818685669
771028239258	0.000395882818685669
771055063812	0.000395882818685669
771112771112	0.000395882818685669
771125780401	0.000395882818685669
771215781020	0.000395882818685669
771216770203	0.000395882818685669
771217771109	0.000395882818685669
771226771205	0.000395882818685669
771231319140	0.000395882818685669
775500440099	0.000395882818685669
775500662244	0.000395882818685669
775533115599	0.000395882818685669
775533995511	0.000395882818685669
776469776469	0.000395882818685669
776611116677	0.000395882818685669
777888123456	0.000395882818685669
778910050826	0.000395882818685669
779944661133	0.000395882818685669
780116780623	0.000395882818685669
780224761224	0.000395882818685669
780808760321	0.000395882818685669
780915790814	0.000395882818685669
780929790620	0.000395882818685669
780929811126	0.000395882818685669
781012791128	0.000395882818685669
781025262728	0.000395882818685669
781026790628	0.000395882818685669
781122987123	0.000395882818685669
781226560111	0.000395882818685669
781978419530	0.000395882818685669
782178197814	0.000395882818685669
782195566520	0.000395882818685669
783102899007	0.000395882818685669
787982617879	0.000395882818685669
789456123123	0.000395882818685669
789456123753	0.000395882818685669
789456789456	0.000395882818685669
789456852123	0.000395882818685669
789524321586	0.000395882818685669
789789741522	0.000395882818685669
789851789851	0.000395882818685669
789852789852	0.000395882818685669
790212122278	0.000395882818685669
790212790212	0.000395882818685669
790430155280	0.000395882818685669
790608810910	0.000395882818685669
790626790619	0.000395882818685669
790821075472	0.000395882818685669
790822751018	0.000395882818685669
791001791001	0.000395882818685669
791016791023	0.000395882818685669
791130791130	0.000395882818685669
791209511120	0.000395882818685669
791231800415	0.000395882818685669
791346825005	0.000395882818685669
792019812345	0.000395882818685669
794100790401	0.000395882818685669
794328685043	0.000395882818685669
794613134679	0.000395882818685669
794613825123	0.000395882818685669
797812605345	0.000395882818685669
798130169888	0.000395882818685669
799298118799	0.000395882818685669
799790987520	0.000395882818685669
799797997920	0.000395882818685669
800119791204	0.000395882818685669
800412810113	0.000395882818685669
800422800422	0.000395882818685669
800508830113	0.000395882818685669
801006810527	0.000395882818685669
801008820106	0.000395882818685669
801013790103	0.000395882818685669
801020801020	0.000395882818685669
801120801120	0.000395882818685669
801216612108	0.000395882818685669
803112803105	0.000395882818685669
804688043906	0.000395882818685669
805101296300	0.000395882818685669
807268072642	0.000395882818685669
810092810092	0.000395882818685669
810102810409	0.000395882818685669
810153910725	0.000395882818685669
810401810413	0.000395882818685669
810407548886	0.000395882818685669
810613613033	0.000395882818685669
810714051328	0.000395882818685669
810814810814	0.000395882818685669
810823040107	0.000395882818685669
813202030425	0.000395882818685669
814237777777	0.000395882818685669
815047815047	0.000395882818685669
815137813258	0.000395882818685669
817150145236	0.000395882818685669
817819198012	0.000395882818685669
820306820306	0.000395882818685669
820317840417	0.000395882818685669
820415820514	0.000395882818685669
820513820513	0.000395882818685669
820815841105	0.000395882818685669
820824820824	0.000395882818685669
821025821025	0.000395882818685669
821031821031	0.000395882818685669
821202821202	0.000395882818685669
821222135241	0.000395882818685669
821227821227	0.000395882818685669
829515692002	0.000395882818685669
829824520999	0.000395882818685669
830126560714	0.000395882818685669
830309830320	0.000395882818685669
830720830720	0.000395882818685669
830728555429	0.000395882818685669
830825850205	0.000395882818685669
830927830927	0.000395882818685669
831029831029	0.000395882818685669
831102085622	0.000395882818685669
831117105621	0.000395882818685669
831206666666	0.000395882818685669
831207831207	0.000395882818685669
831209850818	0.000395882818685669
831223831223	0.000395882818685669
840128015618	0.000395882818685669
840402840727	0.000395882818685669
840414075523	0.000395882818685669
840424840117	0.000395882818685669
840712840712	0.000395882818685669
841027123456	0.000395882818685669
841472450323	0.000395882818685669
843152843152	0.000395882818685669
846293715777	0.000395882818685669
850101850402	0.000395882818685669
850202015579	0.000395882818685669
850214850214	0.000395882818685669
850313741024	0.000395882818685669
850318147852	0.000395882818685669
850403870310	0.000395882818685669
850507830426	0.000395882818685669
850524850524	0.000395882818685669
850608510090	0.000395882818685669
850811820913	0.000395882818685669
850921850817	0.000395882818685669
851031054549	0.000395882818685669
851114811110	0.000395882818685669
851119861014	0.000395882818685669
851613581358	0.000395882818685669
852063852063	0.000395882818685669
852140201023	0.000395882818685669
852147852147	0.000395882818685669
852185218521	0.000395882818685669
852258852258	0.000395882818685669
853362035204	0.000395882818685669
854571894237	0.000395882818685669
854656521323	0.000395882818685669
854785473389	0.000395882818685669
855009040404	0.000395882818685669
855252076627	0.000395882818685669
859185918591	0.000395882818685669
860112860112	0.000395882818685669
860304860304	0.000395882818685669
860323860323	0.000395882818685669
860527386721	0.000395882818685669
860713852456	0.000395882818685669
860714714440	0.000395882818685669
861124880829	0.000395882818685669
861224435535	0.000395882818685669
862268862268	0.000395882818685669
863051314783	0.000395882818685669
867193967788	0.000395882818685669
868976392020	0.000395882818685669
870028801118	0.000395882818685669
870133870133	0.000395882818685669
870401526679	0.000395882818685669
870513870513	0.000395882818685669
870601235171	0.000395882818685669
871020880509	0.000395882818685669
871030610613	0.000395882818685669
871126055407	0.000395882818685669
871220891230	0.000395882818685669
875200805449	0.000395882818685669
876092376525	0.000395882818685669
878754542121	0.000395882818685669
880312550228	0.000395882818685669
880616566490	0.000395882818685669
880730015027	0.000395882818685669
880817880817	0.000395882818685669
880819880819	0.000395882818685669
880927086275	0.000395882818685669
881023035795	0.000395882818685669
881127881127	0.000395882818685669
881886881886	0.000395882818685669
883336065336	0.000395882818685669
886225111901	0.000395882818685669
886954134213	0.000395882818685669
888520888520	0.000395882818685669
888812375690	0.000395882818685669
888888885409	0.000395882818685669
631030630928	0.000395882818685669
890102890823	0.000395882818685669
890404123123	0.000395882818685669
890409830725	0.000395882818685669
890412890412	0.000395882818685669
890915045395	0.000395882818685669
890977323061	0.000395882818685669
891269704144	0.000395882818685669
893669386479	0.000395882818685669
893697237329	0.000395882818685669
894110976543	0.000395882818685669
897866534102	0.000395882818685669
900095840723	0.000395882818685669
900131145802	0.000395882818685669
900215035184	0.000395882818685669
900218900126	0.000395882818685669
900223900223	0.000395882818685669
900406880528	0.000395882818685669
900419900419	0.000395882818685669
901146901141	0.000395882818685669
901211901211	0.000395882818685669
901219910905	0.000395882818685669
902970919782	0.000395882818685669
904269309030	0.000395882818685669
909295799999	0.000395882818685669
910017183049	0.000395882818685669
910225680730	0.000395882818685669
910316910316	0.000395882818685669
910621910621	0.000395882818685669
911226961223	0.000395882818685669
911791179117	0.000395882818685669
914996914996	0.000395882818685669
916981123110	0.000395882818685669
917385249706	0.000395882818685669
919020919020	0.000395882818685669
920024920191	0.000395882818685669
920115601129	0.000395882818685669
920157920157	0.000395882818685669
920329920329	0.000395882818685669
920825015605	0.000395882818685669
921406921406	0.000395882818685669
922892289883	0.000395882818685669
923195923195	0.000395882818685669
924131991717	0.000395882818685669
928891511123	0.000395882818685669
931118931118	0.000395882818685669
932749869631	0.000395882818685669
932772167127	0.000395882818685669
940381710019	0.000395882818685669
940527085400	0.000395882818685669
950061950061	0.000395882818685669
950303980623	0.000395882818685669
951236874987	0.000395882818685669
951357852456	0.000395882818685669
951753357159	0.000395882818685669
951753456852	0.000395882818685669
951753852004	0.000395882818685669
951753852654	0.000395882818685669
951852753456	0.000395882818685669
951853456852	0.000395882818685669
951895189518	0.000395882818685669
952795279527	0.000395882818685669
953475921576	0.000395882818685669
956648871514	0.000395882818685669
956956956956	0.000395882818685669
958473209678	0.000395882818685669
960302026125	0.000395882818685669
962780771004	0.000395882818685669
963741789456	0.000395882818685669
963852741012	0.000395882818685669
963852963741	0.000395882818685669
963854710036	0.000395882818685669
965410014569	0.000395882818685669
967574331416	0.000395882818685669
968796879687	0.000395882818685669
971034850524	0.000395882818685669
971219730130	0.000395882818685669
975431281944	0.000395882818685669
980001980001	0.000395882818685669
980102980133	0.000395882818685669
985662154845	0.000395882818685669
987456654789	0.000395882818685669
987456987456	0.000395882818685669
987487987487	0.000395882818685669
987654321123	0.000395882818685669
987654550123	0.000395882818685669
987987987958	0.000395882818685669
988877766655	0.000395882818685669
990937999325	0.000395882818685669
991120480219	0.000395882818685669
992826628299	0.000395882818685669
994400552211	0.000395882818685669
995462995462	0.000395882818685669
996638527410	0.000395882818685669
999123850111	0.000395882818685669
999888777666	0.000395882818685669
999913131313	0.000395882818685669
999999999999	0.000395882818685669
010801080108	0.000395882818685669
202123242830	0.000395882818685669
333505820013	0.000395882818685669
789789789789	0.000395882818685669
840309123456	0.000395882818685669
072302140508	0.000395882818685669
258654258654	0.000395882818685669
435074435074	0.000395882818685669
229399619123	0.000395882818685669
122761835070	0.000395882818685669
236523698564	0.000395882818685669
342284342284	0.000395882818685669
831224831224	0.000395882818685669
656565242424	0.000395882818685669
131313141414	0.000395882818685669
225368622001	0.000395882818685669
199412190721	0.000395882818685669
091065346415	0.000395882818685669
124795446956	0.000395882818685669
610317600917	0.000395882818685669
902084902084	0.000395882818685669
520520520555	0.000395882818685669
640640642555	0.000395882818685669
640640642777	0.000395882818685669
770712820112	0.000395882818685669
341899753928	0.000395882818685669
720527120800	0.000395882818685669
369741228975	0.000395882818685669
152360560200	0.000395882818685669
595080194076	0.000395882818685669
198805243046	0.000395882818685669
445566995522	0.000395882818685669
151699182170	0.000395882818685669
624862486248	0.000395882818685669
330000018864	0.000395882818685669
199685072519	0.000395882818685669
000011946198	0.000395882818685669
010006010006	0.000395882818685669
010612270514	0.000395882818685669
012507071207	0.000395882818685669
022006301202	0.000395882818685669
071202100703	0.000395882818685669
091956170131	0.000395882818685669
092702320211	0.000395882818685669
092802489714	0.000395882818685669
097213344832	0.000395882818685669
098969495959	0.000395882818685669
110220330440	0.000395882818685669
113005933957	0.000395882818685669
120785858123	0.000395882818685669
122344566788	0.000395882818685669
123112233218	0.000395882818685669
123456778899	0.000395882818685669
123654789213	0.000395882818685669
125699874332	0.000395882818685669
125777992000	0.000395882818685669
132333435315	0.000395882818685669
134679789321	0.000395882818685669
135792468852	0.000395882818685669
159357159357	0.000395882818685669
198202254317	0.000395882818685669
200799923131	0.000395882818685669
221050310022	0.000395882818685669
227831840918	0.000395882818685669
228525290322	0.000395882818685669
235625235625	0.000395882818685669
246810611016	0.000395882818685669
265100601250	0.000395882818685669
268579495132	0.000395882818685669
321123213231	0.000395882818685669
321654987911	0.000395882818685669
373415986472	0.000395882818685669
384935780935	0.000395882818685669
411031123602	0.000395882818685669
455002455001	0.000395882818685669
456123789555	0.000395882818685669
528930116623	0.000395882818685669
583224655834	0.000395882818685669
621119541117	0.000395882818685669
644520644520	0.000395882818685669
708801314520	0.000395882818685669
711120120915	0.000395882818685669
721101008137	0.000395882818685669
761277880244	0.000395882818685669
766191510170	0.000395882818685669
771886542332	0.000395882818685669
778899670921	0.000395882818685669
789861136295	0.000395882818685669
800214565482	0.000395882818685669
800730135790	0.000395882818685669
810423840321	0.000395882818685669
810503810503	0.000395882818685669
810517306973	0.000395882818685669
840124612012	0.000395882818685669
851168962011	0.000395882818685669
870130861104	0.000395882818685669
881020881020	0.000395882818685669
889955662233	0.000395882818685669
900016299115	0.000395882818685669
910194910147	0.000395882818685669
917382917382	0.000395882818685669
954315954315	0.000395882818685669
965401430504	0.000395882818685669
976548980915	0.000395882818685669
999994211123	0.000395882818685669
343434363636	0.000395882818685669
790427790427	0.000395882818685669
841023841023	0.000395882818685669
861226861225	0.000395882818685669
753951852852	0.000395882818685669
102202306406	0.000395882818685669
471067702788	0.000395882818685669
010761010761	0.000395882818685669
169423930217	0.000395882818685669
528854160122	0.000395882818685669
200611161250	0.000395882818685669
865201478963	0.000395882818685669
890904890904	0.000395882818685669
488110552123	0.000395882818685669
001212394666	0.000395882818685669
224231231230	0.000395882818685669
255403255403	0.000395882818685669
456258951753	0.000395882818685669
603852562974	0.000395882818685669
631161071995	0.000395882818685669
861220235656	0.000395882818685669
123741123741	0.000395882818685669
131452061226	0.000395882818685669
200301120520	0.000395882818685669
225588774411	0.000395882818685669
240621982005	0.000395882818685669
443254056405	0.000395882818685669
456123000000	0.000395882818685669
644879225225	0.000395882818685669
788135792468	0.000395882818685669
893324530904	0.000395882818685669
804342085930	0.000395882818685669
118951925916	0.000395882818685669
091311030221	0.000395882818685669
552355045507	0.000395882818685669
110455104554	0.000395882818685669
123357960800	0.000395882818685669
123456543210	0.000395882818685669
129862491123	0.000395882818685669
153448881390	0.000395882818685669
168999168999	0.000395882818685669
222819528407	0.000395882818685669
304700304700	0.000395882818685669
523171120117	0.000395882818685669
615678415698	0.000395882818685669
713015713015	0.000395882818685669
811276362569	0.000395882818685669
852456753951	0.000395882818685669
119020241031	0.000395882818685669
801880188018	0.000395882818685669
198008210600	0.000395882818685669
121326226123	0.000395882818685669
121326226777	0.000395882818685669
199668123456	0.000395882818685669
206235779838	0.000395882818685669
237471727123	0.000395882818685669
275203242009	0.000395882818685669
487631803345	0.000395882818685669
722172217221	0.000395882818685669
800805791223	0.000395882818685669
841204850825	0.000395882818685669
128254371022	0.000395882818685669
258159357600	0.000395882818685669
778852036825	0.000395882818685669
516851685168	0.000395882818685669
556689237410	0.000395882818685669
470912412397	0.000395882818685669
097893391709	0.000395882818685669
463546354635	0.000395882818685669
942812425020	0.000395882818685669
993646230155	0.000395882818685669
940521045280	0.000395882818685669
859526152615	0.000395882818685669
199009300930	0.000395882818685669
791031800515	0.000395882818685669
298919850830	0.000395882818685669
044151241618	0.000395882818685669
224244707123	0.000395882818685669
720223536008	0.000395882818685669
815203641506	0.000395882818685669
961091381107	0.000395882818685669
759631231337	0.000395882818685669
121314121314	0.000395882818685669
960527960527	0.000395882818685669
830822830822	0.000395882818685669
521565511456	0.000395882818685669
159357456825	0.000395882818685669
123456789209	0.000395882818685669
129456377123	0.000395882818685669
138617402231	0.000395882818685669
227020326123	0.000395882818685669
780312790413	0.000395882818685669
880722123319	0.000395882818685669
080107011205	0.000395882818685669
856428475864	0.000395882818685669
650137450608	0.000395882818685669
797041512320	0.000395882818685669
883301020821	0.000395882818685669
999110900123	0.000395882818685669
860610921921	0.000395882818685669
029754341337	0.000395882818685669
124159918123	0.000395882818685669
197911173337	0.000395882818685669
199231263020	0.000395882818685669
550205541125	0.000395882818685669
593714534123	0.000395882818685669
821006914423	0.000395882818685669
456852791215	0.000395882818685669
121303111116	0.000395882818685669
120634155606	0.000395882818685669
011305290531	0.000395882818685669
339125236246	0.000395882818685669
973216780405	0.000395882818685669
422200471701	0.000395882818685669
016639251337	0.000395882818685669
016639252000	0.000395882818685669
172839660612	0.000395882818685669
124078942123	0.000395882818685669
650050650050	0.000395882818685669
808433883388	0.000395882818685669
730811721209	0.000395882818685669
200319921221	0.000395882818685669
200719921221	0.000395882818685669
021812181218	0.000395882818685669
030416861116	0.000395882818685669
071006270426	0.000395882818685669
098320610856	0.000395882818685669
101436123456	0.000395882818685669
222521287123	0.000395882818685669
289058711734	0.000395882818685669
604116041123	0.000395882818685669
770482650431	0.000395882818685669
810129811225	0.000395882818685669
846342891660	0.000395882818685669
846342892330	0.000395882818685669
860823860924	0.000395882818685669
860824860923	0.000395882818685669
822658785176	0.000395882818685669
610761071337	0.000395882818685669
610761072000	0.000395882818685669
703151995211	0.000395882818685669
112512111006	0.000395882818685669
780116800503	0.000395882818685669
293195991998	0.000395882818685669
123456789666	0.000395882818685669
199103109420	0.000395882818685669
198602069934	0.000395882818685669
199019901990	0.000395882818685669
191141151435	0.000395882818685669
137958110112	0.000395882818685669
031703170317	0.000395882818685669
841209841209	0.000395882818685669
121147240577	0.000395882818685669
840602811119	0.000395882818685669
990407870120	0.000395882818685669
040416161010	0.000395882818685669
083021144612	0.000395882818685669
121968623999	0.000395882818685669
156354112233	0.000395882818685669
159258963147	0.000395882818685669
222093145678	0.000395882818685669
243242354324	0.000395882818685669
258959191525	0.000395882818685669
363397826821	0.000395882818685669
540276921225	0.000395882818685669
688768876887	0.000395882818685669
789635241000	0.000395882818685669
860109860415	0.000395882818685669
297614581337	0.000395882818685669
110877780315	0.000395882818685669
268456268456	0.000395882818685669
121997661703	0.000395882818685669
957808290939	0.000395882818685669
096304092115	0.000395882818685669
222955819123	0.000395882818685669
521223521223	0.000395882818685669
549954995499	0.000395882818685669
591021690619	0.000395882818685669
840427232323	0.000395882818685669
850629850629	0.000395882818685669
890127273126	0.000395882818685669
518149512913	0.000395882818685669
404111996411	0.000395882818685669
850616850613	0.000395882818685669
862084746458	0.000395882818685669
112211001155	0.000395882818685669
091003010425	0.000395882818685669
092841505419	0.000395882818685669
101246121222	0.000395882818685669
125655145655	0.000395882818685669
450014820220	0.000395882818685669
841120841120	0.000395882818685669
341119621219	0.000395882818685669
198182855739	0.000395882818685669
228067810717	0.000395882818685669
120761309198	0.000395882818685669
122001010131	0.000395882818685669
174001231485	0.000395882818685669
195114051337	0.000395882818685669
195114052000	0.000395882818685669
198109302610	0.000395882818685669
700126660515	0.000395882818685669
710081102539	0.000395882818685669
138548640920	0.000395882818685669
508671206306	0.000395882818685669
495867321123	0.000395882818685669
198708043505	0.000395882818685669
614161416141	0.000395882818685669
198709240420	0.000395882818685669
051102130507	0.000395882818685669
122883407123	0.000395882818685669
201412131222	0.000395882818685669
765432154321	0.000395882818685669
820309701943	0.000395882818685669
671103651004	0.000395882818685669
088020012000	0.000395882818685669
100518770123	0.000395882818685669
144819735635	0.000395882818685669
288252523278	0.000395882818685669
837061170147	0.000395882818685669
093732712077	0.000395882818685669
150978978978	0.000395882818685669
120520707916	0.000395882818685669
950106881462	0.000395882818685669
291224971116	0.000395882818685669
111397840108	0.000395882818685669
258855711234	0.000395882818685669
987800406520	0.000395882818685669
090917289322	0.000395882818685669
200227917782	0.000395882818685669
613053691873	0.000395882818685669
667985252520	0.000395882818685669
613534612323	0.000395882818685669
222221111111	0.000395882818685669
369852147471	0.000395882818685669
201126349762	0.000395882818685669
123147963987	0.000395882818685669
790201781013	0.000395882818685669
552535005110	0.000395882818685669
741741741852	0.000395882818685669
877855877855	0.000395882818685669
951753456258	0.000395882818685669
112233123123	0.000395882818685669
120910343427	0.000395882818685669
124048365142	0.000395882818685669
124114382123	0.000395882818685669
124114382777	0.000395882818685669
152029290029	0.000395882818685669
199012181337	0.000395882818685669
236600221130	0.000395882818685669
000520951753	0.000395882818685669
456876876456	0.000395882818685669
200604132000	0.000395882818685669
101610161016	0.000395882818685669
003377004466	0.000395882818685669
061805230831	0.000395882818685669
066332971123	0.000395882818685669
098109696315	0.000395882818685669
098369813515	0.000395882818685669
108002751337	0.000395882818685669
123452239979	0.000395882818685669
123456789889	0.000395882818685669
147852369951	0.000395882818685669
199620120708	0.000395882818685669
202195231026	0.000395882818685669
228203727105	0.000395882818685669
291898182989	0.000395882818685669
302414038123	0.000395882818685669
344547430615	0.000395882818685669
501093202580	0.000395882818685669
501392595165	0.000395882818685669
502032000123	0.000395882818685669
531953195319	0.000395882818685669
556982000003	0.000395882818685669
560815571216	0.000395882818685669
594010291337	0.000395882818685669
594010292000	0.000395882818685669
610181801016	0.000395882818685669
610726366836	0.000395882818685669
643019761541	0.000395882818685669
730731732734	0.000395882818685669
741852963753	0.000395882818685669
761206760225	0.000395882818685669
780501780329	0.000395882818685669
820107242329	0.000395882818685669
880810880810	0.000395882818685669
951317238511	0.000395882818685669
988662211123	0.000395882818685669
989865653232	0.000395882818685669
996998996998	0.000395882818685669
998866998866	0.000395882818685669
850507841031	0.000395882818685669
839656904123	0.000395882818685669
839656904777	0.000395882818685669
000111666996	0.000395882818685669
224993250501	0.000395882818685669
109361478184	0.000395882818685669
435241312570	0.000395882818685669
665407524688	0.000395882818685669
840121840121	0.000395882818685669
150083790126	0.000395882818685669
198710060401	0.000395882818685669
042011100408	0.000395882818685669
820244021929	0.000395882818685669
198710243553	0.000395882818685669
749657509905	0.000395882818685669
198907230211	0.000395882818685669
209275201314	0.000395882818685669
718000718000	0.000395882818685669
771584511618	0.000395882818685669
800726801012	0.000395882818685669
820522810924	0.000395882818685669
896707900901	0.000395882818685669
516888516888	0.000395882818685669
456852159741	0.000395882818685669
864878157481	0.000395882818685669
761009771117	0.000395882818685669
333555552000	0.000395882818685669
100519736145	0.000395882818685669
145214563123	0.000395882818685669
712971297129	0.000395882818685669
253025302530	0.000395882818685669
195609061009	0.000395882818685669
760401771013	0.000395882818685669
870018870018	0.000395882818685669
773976172409	0.000395882818685669
126251830126	0.000395882818685669
142432425269	0.000395882818685669
147258369123	0.000395882818685669
123345123345	0.000395882818685669
520510520510	0.000395882818685669
025025025025	0.000395882818685669
041210161107	0.000395882818685669
062861000128	0.000395882818685669
379751379751	0.000395882818685669
221894681029	0.000395882818685669
456852456852	0.000395882818685669
534090003310	0.000395882818685669
668811992277	0.000395882818685669
602091314520	0.000395882818685669
791003800819	0.000395882818685669
875513820291	0.000395882818685669
963085207410	0.000395882818685669
101910106010	0.000395882818685669
168289168289	0.000395882818685669
296751216684	0.000395882818685669
477958321885	0.000395882818685669
092685746815	0.000395882818685669
098015009099	0.000395882818685669
371291312157	0.000395882818685669
741237595100	0.000395882818685669
852654951753	0.000395882818685669
860525860525	0.000395882818685669
963123520131	0.000395882818685669
318025330805	0.000395882818685669
456782103945	0.000395882818685669
745024746480	0.000395882818685669
746480745024	0.000395882818685669
987654228123	0.000395882818685669
