123	0.17837220891539537
520	0.07016091436655039
168	0.017088109055251016
999	0.01630845403250438
456	0.014853633835420451
111	0.01260308325429614
000	0.012514668767180543
888	0.01250663108653367
789	0.011124150015271594
321	0.010111402253765653
777	0.008415451637275547
666	0.007402703875769608
001	0.006518559004613629
594	0.006518559004613629
100	0.00617293873679811
007	0.005779092385101355
333	0.005586188049576414
159	0.005465622839873326
555	0.0049431735978266115
222	0.00478241998488916
101	0.004396611313839278
147	0.004155480894433103
741	0.004026878004083142
987	0.0037214461395019853
852	0.0036651823749738774
911	0.0034240519555677014
369	0.0030382432845178194
963	0.002869451990933496
112	0.0027810375038178985
258	0.002676547655408555
121	0.002652434613467938
951	0.0026042085295867024
119	0.0025800954876460847
125	0.0025720578069992122
530	0.002539907084411722
110	0.0024675679585898693
200	0.0024193418747086343
120	0.002403266513414889
753	0.002371115790827399
102	0.0023630781101805264
228	0.002314852026299291
122	0.0022827013037118008
394	0.0020978346488337326
135	0.002073721606893115
128	0.00202549552301188
223	0.0018165158261931936
234	0.0017522143810182133
521	0.0017281013390775958
103	0.0017200636584307233
921	0.0017200636584307233
523	0.0017120259777838507
543	0.0017039882971369782
113	0.0016879129358432332
104	0.0016637998939026154
124	0.0016637998939026154
711	0.001639686851961998
654	0.0015753854067870176
117	0.001567347726140145
178	0.0015432346841995274
320	0.0015351970035526548
318	0.0015271593229057823
108	0.001478933239024547
220	0.001462857877730802
002	0.001446782516437057
105	0.0014387448357901843
126	0.0014226694744964392
198	0.0014226694744964392
501	0.0013985564325558217
221	0.0013905187519089493
127	0.0013905187519089493
945	0.0013744433906152042
311	0.0013744433906152042
444	0.0013744433906152042
107	0.0013664057099683315
300	0.0013503303486745864
310	0.001342292668027714
312	0.001326217306733969
118	0.001326217306733969
314	0.0013181796260870963
610	0.0013181796260870963
330	0.0013021042647933512
978	0.0012860289034996061
920	0.0012860289034996061
183	0.0012779912228527337
331	0.0012779912228527337
212	0.001269953542205861
226	0.001269953542205861
115	0.0012619158615589886
116	0.0012619158615589886
511	0.0012619158615589886
214	0.0012619158615589886
823	0.0012619158615589886
213	0.001253878180912116
012	0.0012458405002652435
500	0.0012458405002652435
114	0.0012378028196183709
129	0.0012378028196183709
199	0.0012378028196183709
357	0.0012378028196183709
510	0.0012297651389714984
109	0.0012217274583246258
323	0.0012136897776777534
211	0.0012056520970308807
525	0.0011976144163840083
225	0.0011895767357371356
316	0.0011815390550902632
611	0.0011735013744433905
246	0.0011735013744433905
326	0.0011735013744433905
224	0.0011735013744433905
528	0.0011735013744433905
003	0.0011654636937965181
345	0.0011574260131496455
313	0.001149388332502773
522	0.001149388332502773
512	0.001149388332502773
201	0.0011413506518559004
620	0.001133312971209028
210	0.0011252752905621553
423	0.0011252752905621553
567	0.0011172376099152829
923	0.0011172376099152829
621	0.0011172376099152829
106	0.0011091999292684102
218	0.0011091999292684102
215	0.0011091999292684102
131	0.0011011622486215378
328	0.0011011622486215378
623	0.0010931245679746651
831	0.0010850868873277927
612	0.0010850868873277927
828	0.0010850868873277927
303	0.00107704920668092
723	0.00107704920668092
886	0.0010690115260340476
513	0.0010690115260340476
412	0.001060973845387175
820	0.001060973845387175
517	0.0010529361647403025
918	0.0010529361647403025
815	0.00104489848409343
145	0.0010368608034465575
619	0.0010368608034465575
426	0.001028823122799685
329	0.001028823122799685
526	0.0010207854421528124
322	0.0010207854421528124
928	0.0010207854421528124
227	0.0010207854421528124
613	0.0010207854421528124
360	0.00101274776150594
413	0.0010047100808590673
315	0.0010047100808590673
821	0.0010047100808590673
516	0.0009966724002121949
010	0.0009886347195653222
626	0.0009886347195653222
730	0.0009886347195653222
600	0.0009886347195653222
556	0.0009886347195653222
818	0.0009805970389184498
006	0.0009725593582715771
008	0.0009725593582715771
202	0.0009725593582715771
566	0.0009725593582715771
203	0.0009725593582715771
929	0.0009725593582715771
515	0.0009645216776247046
301	0.0009645216776247046
324	0.0009645216776247046
615	0.000956483996977832
514	0.000956483996977832
041	0.000956483996977832
890	0.000956483996977832
910	0.000956483996977832
180	0.000956483996977832
678	0.000956483996977832
926	0.0009484463163309595
216	0.000940408635684087
325	0.000940408635684087
306	0.000940408635684087
524	0.0009323709550372144
531	0.0009323709550372144
628	0.0009323709550372144
317	0.0009243332743903419
219	0.0009243332743903419
319	0.0009243332743903419
503	0.0009243332743903419
156	0.0009162955937434693
217	0.0009162955937434693
256	0.0009162955937434693
206	0.0009162955937434693
420	0.0009162955937434693
518	0.0009162955937434693
011	0.0009002202324497243
588	0.0009002202324497243
719	0.0009002202324497243
816	0.0008921825518028517
721	0.0008921825518028517
098	0.0008841448711559792
712	0.0008841448711559792
800	0.0008761071905091066
410	0.0008761071905091066
812	0.0008761071905091066
917	0.0008761071905091066
716	0.0008761071905091066
428	0.0008761071905091066
913	0.0008761071905091066
629	0.0008761071905091066
722	0.0008761071905091066
813	0.0008761071905091066
900	0.0008761071905091066
020	0.0008680695098622342
235	0.0008680695098622342
713	0.0008680695098622342
829	0.0008680695098622342
527	0.0008680695098622342
930	0.0008600318292153617
204	0.0008519941485684891
724	0.0008519941485684891
889	0.0008519941485684891
309	0.0008439564679216166
308	0.0008439564679216166
830	0.0008439564679216166
714	0.0008439564679216166
810	0.0008439564679216166
130	0.000835918787274744
132	0.000835918787274744
819	0.000835918787274744
229	0.000835918787274744
617	0.000835918787274744
915	0.000835918787274744
718	0.0008278811066278715
811	0.0008278811066278715
150	0.0008278811066278715
602	0.0008278811066278715
427	0.0008278811066278715
618	0.0008278811066278715
727	0.0008278811066278715
009	0.000819843425980999
603	0.000819843425980999
622	0.000819843425980999
814	0.000819843425980999
822	0.000819843425980999
912	0.000819843425980999
925	0.0008118057453341264
032	0.0008118057453341264
717	0.0008118057453341264
625	0.0008118057453341264
924	0.0008037680646872539
529	0.0008037680646872539
421	0.0008037680646872539
231	0.0007957303840403813
153	0.0007957303840403813
414	0.0007957303840403813
901	0.0007957303840403813
601	0.0007876927033935088
092	0.0007876927033935088
327	0.0007876927033935088
430	0.0007876927033935088
627	0.0007876927033935088
415	0.0007876927033935088
616	0.0007796550227466363
013	0.0007796550227466363
080	0.0007796550227466363
158	0.0007796550227466363
197	0.0007796550227466363
919	0.0007796550227466363
425	0.0007796550227466363
305	0.0007796550227466363
207	0.0007716173420997637
422	0.0007716173420997637
710	0.0007716173420997637
624	0.0007716173420997637
614	0.0007716173420997637
927	0.0007716173420997637
416	0.0007635796614528912
914	0.0007635796614528912
411	0.0007635796614528912
700	0.0007635796614528912
519	0.0007635796614528912
205	0.0007635796614528912
417	0.0007635796614528912
630	0.0007635796614528912
133	0.0007555419808060186
230	0.0007555419808060186
824	0.0007555419808060186
729	0.0007555419808060186
720	0.0007475043001591461
726	0.0007394666195122736
725	0.000731428938865401
021	0.0007233912582185285
728	0.0007233912582185285
208	0.0007233912582185285
307	0.0007153535775716559
418	0.0007153535775716559
005	0.0007073158969247834
091	0.0007073158969247834
188	0.0007073158969247834
250	0.0007073158969247834
419	0.0007073158969247834
400	0.0007073158969247834
030	0.0006992782162779108
302	0.0006992782162779108
605	0.0006992782162779108
731	0.0006912405356310383
747	0.0006912405356310383
014	0.0006832028549841658
827	0.0006832028549841658
165	0.0006751651743372932
025	0.0006671274936904207
989	0.0006671274936904207
916	0.0006671274936904207
023	0.0006671274936904207
880	0.0006671274936904207
715	0.0006590898130435481
042	0.0006590898130435481
494	0.0006590898130435481
817	0.0006590898130435481
170	0.0006510521323966756
502	0.0006510521323966756
424	0.0006510521323966756
429	0.0006510521323966756
826	0.0006510521323966756
166	0.0006430144517498031
304	0.0006430144517498031
060	0.0006349767711029305
486	0.0006349767711029305
155	0.0006349767711029305
233	0.0006349767711029305
850	0.0006349767711029305
998	0.0006349767711029305
609	0.000626939090456058
134	0.000626939090456058
707	0.000626939090456058
004	0.0006189014098091854
015	0.0006189014098091854
052	0.0006189014098091854
163	0.0006189014098091854
350	0.0006189014098091854
232	0.0006108637291623129
825	0.0006108637291623129
701	0.0006108637291623129
061	0.0006028260485154404
607	0.0006028260485154404
902	0.0006028260485154404
550	0.0006028260485154404
568	0.0006028260485154404
177	0.0005947883678685678
236	0.0005947883678685678
922	0.0005947883678685678
801	0.0005947883678685678
138	0.0005867506872216953
268	0.0005787130065748227
507	0.0005787130065748227
255	0.0005787130065748227
808	0.0005787130065748227
608	0.0005787130065748227
062	0.0005706753259279502
909	0.0005706753259279502
070	0.0005626376452810776
802	0.0005626376452810776
157	0.0005626376452810776
332	0.0005626376452810776
335	0.0005626376452810776
339	0.0005626376452810776
366	0.0005545999646342051
881	0.0005545999646342051
401	0.0005545999646342051
604	0.0005545999646342051
022	0.0005465622839873326
031	0.0005465622839873326
143	0.0005465622839873326
172	0.0005465622839873326
990	0.0005465622839873326
748	0.0005465622839873326
141	0.00053852460334046
160	0.00053852460334046
136	0.00053852460334046
273	0.00053852460334046
179	0.00053852460334046
606	0.00053852460334046
288	0.00053852460334046
688	0.00053852460334046
403	0.00053852460334046
996	0.00053852460334046
505	0.0005304869226935875
050	0.0005304869226935875
090	0.0005304869226935875
438	0.0005304869226935875
506	0.0005304869226935875
552	0.0005304869226935875
907	0.000522449242046715
173	0.000522449242046715
988	0.000522449242046715
899	0.000522449242046715
589	0.000522449242046715
705	0.000522449242046715
037	0.0005144115613998425
182	0.0005144115613998425
252	0.0005144115613998425
152	0.0005144115613998425
186	0.0005144115613998425
196	0.0005144115613998425
409	0.0005144115613998425
771	0.0005144115613998425
245	0.00050637388075297
803	0.00050637388075297
169	0.00050637388075297
778	0.00050637388075297
191	0.0004983362001060974
404	0.0004983362001060974
455	0.0004983362001060974
995	0.0004983362001060974
362	0.0004902985194592249
146	0.0004902985194592249
564	0.0004902985194592249
668	0.0004902985194592249
038	0.0004822608388123523
940	0.0004822608388123523
140	0.0004822608388123523
209	0.0004822608388123523
405	0.0004822608388123523
804	0.0004822608388123523
745	0.0004822608388123523
868	0.0004822608388123523
040	0.00047422315816547975
284	0.00047422315816547975
071	0.00047422315816547975
266	0.00047422315816547975
248	0.00047422315816547975
545	0.00047422315816547975
806	0.00047422315816547975
478	0.00047422315816547975
560	0.00047422315816547975
585	0.00047422315816547975
045	0.0004661854775186072
408	0.0004661854775186072
382	0.0004661854775186072
402	0.0004661854775186072
242	0.00045814779687173467
036	0.00045814779687173467
240	0.00045814779687173467
137	0.00045814779687173467
151	0.00045814779687173467
632	0.00045814779687173467
368	0.00045814779687173467
580	0.00045011011622486213
599	0.00045011011622486213
139	0.00045011011622486213
176	0.00045011011622486213
187	0.00045011011622486213
299	0.00045011011622486213
733	0.00045011011622486213
547	0.00045011011622486213
441	0.00045011011622486213
903	0.00045011011622486213
504	0.00045011011622486213
703	0.00045011011622486213
024	0.0004420724355779896
942	0.0004420724355779896
174	0.0004420724355779896
081	0.0004420724355779896
277	0.0004420724355779896
267	0.0004420724355779896
144	0.0004420724355779896
167	0.0004420724355779896
181	0.0004420724355779896
185	0.0004420724355779896
351	0.0004420724355779896
558	0.0004420724355779896
833	0.0004420724355779896
660	0.0004420724355779896
432	0.0004340347549311171
365	0.0004340347549311171
088	0.0004340347549311171
699	0.0004340347549311171
336	0.0004340347549311171
148	0.0004340347549311171
184	0.0004340347549311171
569	0.0004340347549311171
551	0.0004340347549311171
561	0.0004340347549311171
931	0.0004340347549311171
035	0.00042599707428424456
663	0.00042599707428424456
051	0.00042599707428424456
093	0.00042599707428424456
363	0.00042599707428424456
656	0.00042599707428424456
142	0.00042599707428424456
546	0.00042599707428424456
406	0.00042599707428424456
986	0.00042599707428424456
264	0.00042599707428424456
334	0.00042599707428424456
338	0.00042599707428424456
355	0.00042599707428424456
407	0.00042599707428424456
450	0.00042599707428424456
540	0.00042599707428424456
805	0.00042599707428424456
706	0.00042599707428424456
750	0.00042599707428424456
855	0.00042599707428424456
980	0.000417959393637372
787	0.000417959393637372
579	0.000417959393637372
380	0.000417959393637372
458	0.000417959393637372
161	0.000417959393637372
633	0.000417959393637372
171	0.000417959393637372
905	0.0004099217129904995
016	0.0004099217129904995
028	0.0004099217129904995
578	0.0004099217129904995
862	0.0004099217129904995
381	0.0004099217129904995
469	0.0004099217129904995
581	0.0004099217129904995
708	0.0004099217129904995
149	0.00040188403234362694
082	0.00040188403234362694
765	0.00040188403234362694
237	0.00040188403234362694
508	0.00040188403234362694
358	0.00040188403234362694
571	0.00040188403234362694
667	0.00040188403234362694
650	0.00040188403234362694
861	0.00040188403234362694
175	0.0003938463516967544
352	0.0003938463516967544
270	0.0003938463516967544
533	0.0003938463516967544
702	0.0003938463516967544
788	0.0003938463516967544
704	0.0003938463516967544
740	0.0003938463516967544
263	0.00038580867104988186
018	0.00038580867104988186
072	0.00038580867104988186
891	0.00038580867104988186
238	0.00038580867104988186
634	0.00038580867104988186
247	0.00038580867104988186
655	0.00038580867104988186
487	0.00038580867104988186
885	0.00038580867104988186
770	0.00038580867104988186
997	0.00038580867104988186
388	0.0003777709904030093
289	0.0003777709904030093
709	0.0003777709904030093
026	0.0003777709904030093
034	0.0003777709904030093
073	0.0003777709904030093
760	0.0003777709904030093
243	0.0003777709904030093
776	0.0003777709904030093
189	0.0003777709904030093
860	0.0003777709904030093
375	0.0003777709904030093
898	0.0003777709904030093
563	0.0003777709904030093
532	0.0003777709904030093
541	0.0003777709904030093
904	0.0003777709904030093
642	0.0003777709904030093
537	0.0003777709904030093
587	0.0003777709904030093
882	0.0003777709904030093
865	0.0003777709904030093
017	0.0003697333097561368
582	0.0003697333097561368
097	0.0003697333097561368
162	0.0003697333097561368
763	0.0003697333097561368
799	0.0003697333097561368
239	0.0003697333097561368
262	0.0003697333097561368
271	0.0003697333097561368
467	0.0003697333097561368
340	0.0003697333097561368
387	0.0003697333097561368
383	0.0003697333097561368
480	0.0003697333097561368
452	0.0003697333097561368
586	0.0003697333097561368
751	0.0003697333097561368
775	0.0003697333097561368
164	0.00036169562910926423
961	0.00036169562910926423
759	0.00036169562910926423
251	0.00036169562910926423
265	0.00036169562910926423
279	0.00036169562910926423
378	0.00036169562910926423
542	0.00036169562910926423
696	0.00036169562910926423
809	0.00036169562910926423
361	0.0003536579484623917
053	0.0003536579484623917
076	0.0003536579484623917
938	0.0003536579484623917
281	0.0003536579484623917
509	0.0003536579484623917
278	0.0003536579484623917
269	0.0003536579484623917
154	0.0003536579484623917
285	0.0003536579484623917
858	0.0003536579484623917
640	0.0003536579484623917
658	0.0003536579484623917
443	0.0003536579484623917
445	0.0003536579484623917
554	0.0003536579484623917
665	0.0003536579484623917
807	0.0003536579484623917
866	0.0003536579484623917
955	0.0003536579484623917
965	0.0003536579484623917
286	0.00034562026781551915
074	0.00034562026781551915
019	0.00034562026781551915
027	0.00034562026781551915
043	0.00034562026781551915
087	0.00034562026781551915
553	0.00034562026781551915
195	0.00034562026781551915
575	0.00034562026781551915
906	0.00034562026781551915
779	0.00034562026781551915
639	0.00034562026781551915
689	0.00034562026781551915
966	0.00034562026781551915
985	0.0003375825871686466
033	0.0003375825871686466
069	0.0003375825871686466
056	0.0003375825871686466
057	0.0003375825871686466
099	0.0003375825871686466
192	0.0003375825871686466
259	0.0003375825871686466
493	0.0003375825871686466
431	0.0003375825871686466
433	0.0003375825871686466
548	0.0003375825871686466
584	0.0003375825871686466
766	0.0003375825871686466
960	0.0003375825871686466
047	0.00032954490652177407
055	0.00032954490652177407
791	0.00032954490652177407
798	0.00032954490652177407
253	0.00032954490652177407
254	0.00032954490652177407
260	0.00032954490652177407
374	0.00032954490652177407
476	0.00032954490652177407
372	0.00032954490652177407
389	0.00032954490652177407
887	0.00032954490652177407
875	0.00032954490652177407
459	0.00032954490652177407
956	0.00032954490652177407
565	0.00032954490652177407
782	0.00032954490652177407
677	0.00032954490652177407
690	0.00032954490652177407
871	0.00032954490652177407
933	0.00032954490652177407
846	0.00032954490652177407
346	0.00032150722587490153
457	0.00032150722587490153
294	0.00032150722587490153
661	0.00032150722587490153
274	0.00032150722587490153
781	0.00032150722587490153
298	0.00032150722587490153
449	0.00032150722587490153
908	0.00032150722587490153
371	0.00032150722587490153
385	0.00032150722587490153
454	0.00032150722587490153
573	0.00032150722587490153
583	0.00032150722587490153
680	0.00032150722587490153
636	0.00032150722587490153
499	0.000313469545228029
054	0.000313469545228029
083	0.000313469545228029
078	0.000313469545228029
482	0.000313469545228029
934	0.000313469545228029
732	0.000313469545228029
399	0.000313469545228029
244	0.000313469545228029
991	0.000313469545228029
762	0.000313469545228029
448	0.000313469545228029
465	0.000313469545228029
471	0.000313469545228029
774	0.000313469545228029
767	0.000313469545228029
756	0.000313469545228029
773	0.000313469545228029
095	0.00030543186458115645
742	0.00030543186458115645
193	0.00030543186458115645
272	0.00030543186458115645
562	0.00030543186458115645
280	0.00030543186458115645
447	0.00030543186458115645
353	0.00030543186458115645
393	0.00030543186458115645
883	0.00030543186458115645
436	0.00030543186458115645
468	0.00030543186458115645
472	0.00030543186458115645
746	0.00030543186458115645
877	0.00030543186458115645
941	0.00030543186458115645
845	0.00030543186458115645
066	0.0002973941839342839
077	0.0002973941839342839
460	0.0002973941839342839
943	0.0002973941839342839
783	0.0002973941839342839
768	0.0002973941839342839
064	0.0002973941839342839
373	0.0002973941839342839
475	0.0002973941839342839
395	0.0002973941839342839
840	0.0002973941839342839
466	0.0002973941839342839
744	0.0002973941839342839
869	0.0002973941839342839
897	0.0002973941839342839
954	0.0002973941839342839
249	0.0002973941839342839
755	0.00028935650328741137
079	0.00028935650328741137
190	0.00028935650328741137
851	0.00028935650328741137
557	0.00028935650328741137
347	0.00028935650328741137
577	0.00028935650328741137
295	0.00028935650328741137
657	0.00028935650328741137
631	0.00028935650328741137
437	0.00028935650328741137
446	0.00028935650328741137
485	0.00028935650328741137
653	0.00028935650328741137
867	0.00028935650328741137
752	0.00028935650328741137
876	0.00028935650328741137
359	0.0002813188226405388
086	0.0002813188226405388
735	0.0002813188226405388
796	0.0002813188226405388
463	0.0002813188226405388
477	0.0002813188226405388
694	0.0002813188226405388
895	0.0002813188226405388
275	0.0002813188226405388
935	0.0002813188226405388
483	0.0002813188226405388
046	0.0002813188226405388
386	0.0002813188226405388
391	0.0002813188226405388
490	0.0002813188226405388
538	0.0002813188226405388
559	0.0002813188226405388
596	0.0002813188226405388
841	0.0002813188226405388
950	0.0002813188226405388
736	0.0002813188226405388
058	0.0002813188226405388
341	0.0002732811419936663
029	0.0002732811419936663
737	0.0002732811419936663
065	0.0002732811419936663
664	0.0002732811419936663
835	0.0002732811419936663
337	0.0002732811419936663
832	0.0002732811419936663
257	0.0002732811419936663
282	0.0002732811419936663
473	0.0002732811419936663
686	0.0002732811419936663
544	0.0002732811419936663
572	0.0002732811419936663
637	0.0002732811419936663
645	0.0002732811419936663
684	0.0002732811419936663
687	0.0002732811419936663
856	0.0002732811419936663
793	0.0002732811419936663
974	0.0002732811419936663
570	0.0002732811419936663
993	0.0002732811419936663
063	0.00026524346134679374
464	0.00026524346134679374
534	0.00026524346134679374
398	0.00026524346134679374
194	0.00026524346134679374
283	0.00026524346134679374
291	0.00026524346134679374
698	0.00026524346134679374
834	0.00026524346134679374
857	0.00026524346134679374
376	0.00026524346134679374
780	0.00026524346134679374
453	0.00026524346134679374
842	0.00026524346134679374
854	0.00026524346134679374
669	0.00026524346134679374
863	0.00026524346134679374
590	0.00026524346134679374
354	0.00025720578069992126
679	0.00025720578069992126
390	0.00025720578069992126
967	0.00025720578069992126
761	0.00025720578069992126
743	0.00025720578069992126
492	0.00025720578069992126
241	0.00025720578069992126
785	0.00025720578069992126
496	0.00025720578069992126
685	0.00025720578069992126
290	0.00025720578069992126
992	0.00025720578069992126
396	0.00025720578069992126
344	0.00025720578069992126
348	0.00025720578069992126
983	0.00025720578069992126
574	0.00025720578069992126
879	0.00025720578069992126
670	0.0002491681000530487
075	0.0002491681000530487
461	0.0002491681000530487
864	0.0002491681000530487
969	0.0002491681000530487
896	0.0002491681000530487
292	0.0002491681000530487
356	0.0002491681000530487
435	0.0002491681000530487
695	0.0002491681000530487
451	0.0002491681000530487
535	0.0002491681000530487
937	0.0002491681000530487
592	0.0002491681000530487
673	0.0002491681000530487
681	0.0002491681000530487
878	0.0002491681000530487
837	0.0002491681000530487
641	0.00024113041940617615
952	0.00024113041940617615
049	0.00024113041940617615
659	0.00024113041940617615
691	0.00024113041940617615
377	0.00024113041940617615
932	0.00024113041940617615
287	0.00024113041940617615
651	0.00024113041940617615
297	0.00024113041940617615
342	0.00024113041940617615
059	0.00024113041940617615
489	0.00024113041940617615
836	0.00024113041940617615
462	0.00024113041940617615
936	0.00024113041940617615
598	0.00024113041940617615
593	0.00024113041940617615
738	0.00024113041940617615
757	0.00024113041940617615
844	0.00024113041940617615
848	0.00024113041940617615
957	0.00024113041940617615
968	0.0002330927387593036
068	0.0002330927387593036
089	0.0002330927387593036
662	0.0002330927387593036
096	0.0002330927387593036
367	0.0002330927387593036
652	0.0002330927387593036
470	0.0002330927387593036
539	0.0002330927387593036
754	0.0002330927387593036
536	0.0002330927387593036
982	0.0002330927387593036
870	0.00022505505811243107
970	0.00022505505811243107
349	0.00022505505811243107
397	0.00022505505811243107
675	0.00022505505811243107
440	0.00022505505811243107
693	0.00022505505811243107
591	0.00022505505811243107
847	0.00022505505811243107
434	0.00022505505811243107
674	0.00022505505811243107
874	0.00022505505811243107
044	0.00022505505811243107
853	0.00022505505811243107
647	0.00022505505811243107
039	0.00021701737746555855
296	0.00021701737746555855
379	0.00021701737746555855
749	0.00021701737746555855
948	0.00021701737746555855
797	0.00021701737746555855
769	0.00021701737746555855
979	0.00021701737746555855
481	0.000208979696818686
085	0.000208979696818686
094	0.000208979696818686
873	0.000208979696818686
790	0.000208979696818686
643	0.000208979696818686
683	0.000208979696818686
946	0.000208979696818686
276	0.000208979696818686
972	0.000208979696818686
488	0.000208979696818686
648	0.000208979696818686
764	0.000208979696818686
635	0.000208979696818686
682	0.000208979696818686
784	0.000208979696818686
975	0.000208979696818686
048	0.00020094201617181347
067	0.00020094201617181347
638	0.00020094201617181347
672	0.00020094201617181347
442	0.00020094201617181347
739	0.00020094201617181347
786	0.00020094201617181347
646	0.00020094201617181347
758	0.00020094201617181347
884	0.00020094201617181347
958	0.00020094201617181347
984	0.00020094201617181347
261	0.00019290433552494093
794	0.00019290433552494093
364	0.00019290433552494093
439	0.00019290433552494093
939	0.00019290433552494093
772	0.00019290433552494093
576	0.00019290433552494093
849	0.00019290433552494093
962	0.00019290433552494093
697	0.00019290433552494093
859	0.00019290433552494093
843	0.0001848666548780684
084	0.0001848666548780684
872	0.0001848666548780684
343	0.0001848666548780684
597	0.0001848666548780684
484	0.0001848666548780684
495	0.0001848666548780684
838	0.0001848666548780684
981	0.0001848666548780684
370	0.0001848666548780684
497	0.00017682897423119585
964	0.00017682897423119585
949	0.00017682897423119585
994	0.00017682897423119585
977	0.00017682897423119585
839	0.00017682897423119585
595	0.0001687912935843233
644	0.0001687912935843233
947	0.0001687912935843233
474	0.0001687912935843233
549	0.0001687912935843233
649	0.0001687912935843233
892	0.0001687912935843233
293	0.00016075361293745076
384	0.00016075361293745076
692	0.00016075361293745076
953	0.00016075361293745076
795	0.00016075361293745076
894	0.00016075361293745076
392	0.00015271593229057822
479	0.00015271593229057822
893	0.00015271593229057822
973	0.00014467825164370568
976	0.00014467825164370568
971	0.00014467825164370568
734	0.00014467825164370568
671	0.00014467825164370568
676	0.00014467825164370568
491	0.00012860289034996063
959	0.00012860289034996063
498	0.00012056520970308807
792	0.000104489848409343
944	0.000104489848409343
