12	0.051675236509359734
11	0.035023513696499475
00	0.026706801588318178
22	0.02462076158758623
23	0.023083679481783748
88	0.02158319456897656
99	0.021464253691741843
01	0.020476129480868816
10	0.01871946421709455
13	0.018417537374883348
33	0.016157660707423742
20	0.015974674742447254
77	0.015572105619498984
66	0.014986550531574229
21	0.014519936320884188
52	0.01450163772438654
25	0.013595857197752933
17	0.012653479478124029
24	0.012580285092133433
26	0.01242474702190342
18	0.012269208951673407
15	0.012232611758678109
55	0.01215026807443869
04	0.012077073688448096
14	0.011692803161997474
06	0.011564712986513934
28	0.011537265091767461
02	0.011528115793518636
03	0.011418324214532745
27	0.01134512982854215
19	0.011308532635546854
16	0.01129938333729803
78	0.011262786144302732
07	0.010905963512598585
08	0.010640633863382678
31	0.01007337737195557
05	0.010064228073706747
09	0.009991033687716153
34	0.00994528719647203
30	0.009844644915734963
56	0.009835495617486138
32	0.009734853336749071
54	0.009277388424307855
29	0.008792475617120167
45	0.008728430529378396
35	0.008234368423941884
44	0.008188621932697763
38	0.008069681055463046
86	0.007749455616754195
36	0.007456678072791817
83	0.007401782283298871
47	0.007356035792054749
82	0.0071181540375853175
58	0.006926018774360007
37	0.006898570879613534
84	0.006861973686618237
85	0.006797928598876467
87	0.006788779300627642
41	0.006779630002378818
68	0.006733883511134696
74	0.006669838423392926
69	0.006532598949660561
72	0.006386210177679372
98	0.006386210177679372
63	0.006358762282932899
65	0.006358762282932899
67	0.006258120002195832
81	0.006194074914454061
89	0.006175776317956413
42	0.006175776317956413
51	0.00608428333546817
62	0.006056835440721697
46	0.006011088949477575
76	0.005947043861735805
43	0.00580980438800344
80	0.005791505791505791
50	0.005782356493256967
64	0.005764057896759318
53	0.005764057896759318
73	0.005709162107266372
75	0.005635967721275778
94	0.005608519826529305
71	0.005590221230031656
70	0.005581071931782832
40	0.005562773335285183
57	0.005517026844041062
48	0.005507877545792237
61	0.005352339475562224
79	0.005324891580815751
96	0.0050778605280974946
60	0.0049131731596186575
90	0.004428260352430969
39	0.004208677194459185
95	0.004126333510219766
93	0.004089736317224469
59	0.0038427052645062126
92	0.003513330527548537
97	0.0034858826328020643
49	0.0034584347380555913
91	0.003339493860820875
