123	0.10288322412920985
520	0.05488830594407651
456	0.012963333294121799
888	0.012057546847980802
168	0.011139996941500311
000	0.011045889258784363
321	0.010234210495359315
999	0.009857779764495525
111	0.009822489383477044
777	0.00934018750955781
789	0.008987283699373008
666	0.007869754967121128
001	0.00766977614134974
100	0.006634591631474314
007	0.006234633979931537
333	0.005964074392123187
159	0.005775859026691292
555	0.005622934042277876
222	0.005222976390735099
101	0.004670093754778905
147	0.0042818995635756215
911	0.00383488807067487
987	0.003705490006940442
852	0.0036349092449034807
369	0.003364349657095131
258	0.0031290804503052616
112	0.0030937900692867815
125	0.0029996823865708335
119	0.0029996823865708335
121	0.0029761554658918467
102	0.0028467574021574186
120	0.0028467574021574186
951	0.0028232304814784317
122	0.0027644131797809643
228	0.0027408862591019774
963	0.0027173593384229905
530	0.0027173593384229905
110	0.0026938324177440036
753	0.00268206895740451
200	0.002623251655707043
741	0.0025761978143490688
135	0.002529143972991095
394	0.0023644555282381864
223	0.0022115305438247714
128	0.002199767083485278
104	0.0021762401628062913
921	0.0021056594007693302
521	0.00207036901975085
543	0.0020586055594113565
234	0.001999788257713889
103	0.001988024797374396
113	0.0019527344163559153
124	0.0019527344163559153
320	0.0018939171146584478
711	0.0018586267336399675
002	0.001846863273300474
654	0.0018233363526214872
108	0.0017880459716030066
117	0.0017645190509240198
220	0.0017527555905845263
127	0.0017409921302450329
126	0.001693938288887059
444	0.001693938288887059
105	0.0016821748285475654
318	0.0016821748285475654
312	0.0016233575268500982
945	0.0016233575268500982
311	0.0016115940665106048
310	0.0015998306061711114
213	0.001588067145831618
221	0.001588067145831618
314	0.001588067145831618
012	0.0015763036854921245
978	0.0015763036854921245
118	0.0015763036854921245
357	0.0015763036854921245
330	0.0015763036854921245
331	0.0015645402251526308
129	0.0015527767648131374
107	0.001541013304473644
610	0.001541013304473644
501	0.0015292498441341505
114	0.001517486383794657
500	0.0015057229234551636
326	0.0015057229234551636
300	0.0014939594631156702
109	0.0014939594631156702
823	0.0014939594631156702
525	0.0014821960027761767
211	0.0014704325424366833
523	0.0014586690820971896
212	0.0014586690820971896
510	0.0014586690820971896
115	0.0014469056217576962
323	0.0014469056217576962
511	0.0014469056217576962
214	0.0014469056217576962
183	0.0014469056217576962
116	0.0014351421614182027
226	0.0014351421614182027
623	0.0014233787010787093
316	0.0014116152407392159
246	0.0014116152407392159
313	0.0014116152407392159
522	0.0014116152407392159
225	0.0013998517803997224
567	0.0013998517803997224
512	0.0013998517803997224
199	0.001388088320060229
345	0.001388088320060229
612	0.001388088320060229
178	0.0013763248597207355
201	0.0013763248597207355
215	0.0013763248597207355
621	0.0013763248597207355
003	0.001364561399381242
611	0.001364561399381242
328	0.001364561399381242
620	0.001364561399381242
920	0.001364561399381242
886	0.0013527979390417484
210	0.001341034478702255
106	0.001341034478702255
131	0.001341034478702255
227	0.001341034478702255
528	0.001341034478702255
218	0.0013292710183627615
831	0.001317507558023268
315	0.0013057440976837747
928	0.0013057440976837747
224	0.0013057440976837747
202	0.0012939806373442812
412	0.0012939806373442812
619	0.0012939806373442812
526	0.0012822171770047878
613	0.0012822171770047878
006	0.0012704537166652943
820	0.0012704537166652943
918	0.0012469267959863072
329	0.0012469267959863072
426	0.0012351633356468138
303	0.0012351633356468138
556	0.0012351633356468138
723	0.0012351633356468138
517	0.0012233998753073203
923	0.0012233998753073203
828	0.0012233998753073203
815	0.0012233998753073203
818	0.001211636414967827
423	0.001211636414967827
324	0.0011998729546283335
010	0.00118810949428884
322	0.00118810949428884
420	0.00118810949428884
821	0.00118810949428884
566	0.0011763460339493466
301	0.0011763460339493466
217	0.0011763460339493466
216	0.0011645825736098531
203	0.0011645825736098531
929	0.0011528191132703597
516	0.0011528191132703597
518	0.0011528191132703597
515	0.001141055652930866
256	0.001141055652930866
317	0.0011292921925913726
678	0.0011292921925913726
527	0.0011292921925913726
813	0.0011292921925913726
615	0.0011175287322518792
041	0.0011175287322518792
180	0.0011175287322518792
325	0.0011175287322518792
713	0.0011175287322518792
628	0.0011175287322518792
712	0.0011175287322518792
413	0.0011057652719123857
816	0.0011057652719123857
626	0.0011057652719123857
410	0.0010940018115728923
011	0.0010940018115728923
716	0.0010940018115728923
008	0.0010822383512333988
524	0.0010822383512333988
913	0.0010822383512333988
130	0.0010704748908939054
812	0.0010704748908939054
910	0.0010704748908939054
145	0.0010704748908939054
156	0.0010704748908939054
926	0.0010704748908939054
206	0.0010704748908939054
830	0.0010704748908939054
513	0.0010704748908939054
514	0.001058711430554412
219	0.001058711430554412
600	0.001058711430554412
889	0.001058711430554412
629	0.001058711430554412
811	0.0010469479702149185
721	0.0010469479702149185
235	0.0010469479702149185
822	0.0010469479702149185
306	0.0010469479702149185
829	0.0010469479702149185
722	0.0010469479702149185
900	0.0010469479702149185
616	0.001035184509875425
601	0.001035184509875425
924	0.001035184509875425
588	0.001035184509875425
890	0.001035184509875425
150	0.001035184509875425
717	0.001035184509875425
915	0.001035184509875425
531	0.001035184509875425
912	0.001035184509875425
132	0.0010234210495359314
153	0.0010234210495359314
319	0.0010234210495359314
602	0.0010234210495359314
421	0.0010234210495359314
810	0.0010234210495359314
718	0.001011657589196438
730	0.001011657589196438
425	0.001011657589196438
714	0.001011657589196438
814	0.001011657589196438
529	0.001011657589196438
009	0.0009998941288569445
925	0.0009998941288569445
327	0.0009998941288569445
930	0.0009998941288569445
416	0.000988130668517451
603	0.000988130668517451
360	0.000988130668517451
098	0.000988130668517451
427	0.000988130668517451
819	0.0009763672081779576
422	0.0009763672081779576
198	0.0009763672081779576
625	0.0009763672081779576
305	0.0009763672081779576
032	0.0009646037478384642
411	0.0009646037478384642
719	0.0009646037478384642
617	0.0009646037478384642
503	0.0009646037478384642
927	0.0009646037478384642
309	0.0009528402874989707
231	0.0009528402874989707
622	0.0009528402874989707
724	0.0009528402874989707
919	0.0009528402874989707
415	0.0009528402874989707
727	0.0009528402874989707
020	0.0009410768271594772
013	0.0009410768271594772
917	0.0009410768271594772
205	0.0009410768271594772
624	0.0009410768271594772
414	0.0009410768271594772
417	0.0009410768271594772
614	0.0009410768271594772
630	0.0009410768271594772
080	0.0009293133668199838
419	0.0009293133668199838
618	0.0009293133668199838
726	0.0009293133668199838
901	0.0009293133668199838
005	0.0009175499064804903
133	0.0009175499064804903
229	0.0009175499064804903
627	0.0009175499064804903
824	0.0009175499064804903
418	0.0009057864461409969
700	0.0009057864461409969
158	0.0009057864461409969
308	0.0009057864461409969
428	0.0009057864461409969
725	0.0009057864461409969
729	0.0009057864461409969
021	0.0008940229858015033
188	0.0008940229858015033
519	0.0008940229858015033
204	0.0008940229858015033
208	0.0008940229858015033
230	0.0008940229858015033
720	0.0008940229858015033
800	0.0008822595254620099
207	0.0008822595254620099
030	0.0008704960651225164
042	0.0008704960651225164
728	0.0008704960651225164
250	0.0008704960651225164
302	0.000858732604783023
731	0.000858732604783023
429	0.000858732604783023
826	0.000858732604783023
025	0.0008469691444435296
400	0.0008469691444435296
023	0.0008469691444435296
880	0.0008469691444435296
914	0.000835205684104036
827	0.000835205684104036
710	0.000835205684104036
817	0.000835205684104036
430	0.000835205684104036
502	0.000835205684104036
715	0.0008234422237645426
155	0.0008234422237645426
166	0.0008234422237645426
747	0.0008234422237645426
608	0.0008234422237645426
004	0.0008116787634250491
092	0.0008116787634250491
307	0.0008116787634250491
134	0.0008116787634250491
998	0.0008116787634250491
605	0.0007999153030855557
424	0.0007999153030855557
233	0.0007881518427460622
138	0.0007881518427460622
170	0.0007881518427460622
825	0.0007881518427460622
060	0.0007763883824065687
486	0.0007763883824065687
165	0.0007763883824065687
808	0.0007763883824065687
350	0.0007763883824065687
052	0.0007646249220670752
916	0.0007646249220670752
304	0.0007646249220670752
604	0.0007646249220670752
031	0.0007528614617275818
177	0.0007528614617275818
197	0.0007528614617275818
568	0.0007528614617275818
014	0.0007410980013880884
989	0.0007410980013880884
850	0.0007410980013880884
403	0.0007410980013880884
550	0.0007410980013880884
801	0.0007410980013880884
196	0.0007293345410485948
922	0.0007293345410485948
061	0.0007175710807091014
701	0.0007175710807091014
909	0.0007175710807091014
015	0.0007058076203696079
606	0.0007058076203696079
366	0.0007058076203696079
236	0.0007058076203696079
607	0.0007058076203696079
505	0.0006940441600301145
609	0.0006940441600301145
136	0.0006940441600301145
273	0.0006940441600301145
288	0.0006940441600301145
401	0.0006940441600301145
594	0.0006940441600301145
022	0.000682280699690621
091	0.000682280699690621
268	0.000682280699690621
163	0.000682280699690621
881	0.000682280699690621
552	0.000682280699690621
050	0.0006705172393511275
284	0.0006705172393511275
160	0.0006705172393511275
157	0.0006705172393511275
255	0.0006705172393511275
339	0.0006705172393511275
902	0.0006705172393511275
907	0.000658753779011634
070	0.000658753779011634
802	0.000658753779011634
940	0.000658753779011634
143	0.000658753779011634
507	0.000658753779011634
173	0.000658753779011634
564	0.000658753779011634
332	0.000658753779011634
335	0.000658753779011634
404	0.000658753779011634
990	0.000658753779011634
245	0.0006469903186721406
232	0.0006469903186721406
090	0.0006469903186721406
151	0.0006469903186721406
172	0.0006469903186721406
179	0.0006469903186721406
494	0.0006469903186721406
996	0.0006469903186721406
707	0.0006469903186721406
242	0.0006352268583326472
040	0.0006352268583326472
045	0.0006352268583326472
140	0.0006352268583326472
186	0.0006352268583326472
409	0.0006352268583326472
688	0.0006352268583326472
988	0.0006352268583326472
504	0.0006352268583326472
589	0.0006352268583326472
141	0.0006234633979931536
137	0.0006234633979931536
152	0.0006234633979931536
668	0.0006234633979931536
506	0.0006234633979931536
803	0.0006116999376536602
062	0.0006116999376536602
182	0.0006116999376536602
248	0.0006116999376536602
545	0.0006116999376536602
438	0.0006116999376536602
705	0.0006116999376536602
748	0.0006116999376536602
868	0.0006116999376536602
036	0.0005999364773141667
252	0.0005999364773141667
277	0.0005999364773141667
169	0.0005999364773141667
408	0.0005999364773141667
806	0.0005999364773141667
405	0.0005999364773141667
899	0.0005999364773141667
771	0.0005999364773141667
038	0.0005881730169746733
362	0.0005881730169746733
699	0.0005881730169746733
146	0.0005881730169746733
569	0.0005881730169746733
028	0.0005764095566351798
037	0.0005764095566351798
365	0.0005764095566351798
579	0.0005764095566351798
184	0.0005764095566351798
351	0.0005764095566351798
455	0.0005764095566351798
560	0.0005764095566351798
903	0.0005764095566351798
703	0.0005764095566351798
804	0.0005764095566351798
778	0.0005764095566351798
663	0.0005646460962956863
942	0.0005646460962956863
051	0.0005646460962956863
071	0.0005646460962956863
266	0.0005646460962956863
139	0.0005646460962956863
336	0.0005646460962956863
142	0.0005646460962956863
148	0.0005646460962956863
176	0.0005646460962956863
406	0.0005646460962956863
334	0.0005646460962956863
402	0.0005646460962956863
745	0.0005646460962956863
035	0.0005528826359561929
024	0.0005528826359561929
980	0.0005528826359561929
633	0.0005528826359561929
175	0.0005528826359561929
187	0.0005528826359561929
209	0.0005528826359561929
995	0.0005528826359561929
432	0.0005411191756166994
088	0.0005411191756166994
578	0.0005411191756166994
458	0.0005411191756166994
161	0.0005411191756166994
546	0.0005411191756166994
355	0.0005411191756166994
931	0.0005411191756166994
540	0.0005411191756166994
551	0.0005411191756166994
855	0.0005411191756166994
191	0.000529355715277206
026	0.000529355715277206
174	0.000529355715277206
081	0.000529355715277206
787	0.000529355715277206
363	0.000529355715277206
632	0.000529355715277206
181	0.000529355715277206
862	0.000529355715277206
733	0.000529355715277206
368	0.000529355715277206
704	0.000529355715277206
240	0.0005175922549377125
656	0.0005175922549377125
171	0.0005175922549377125
352	0.0005175922549377125
270	0.0005175922549377125
541	0.0005175922549377125
469	0.0005175922549377125
478	0.0005175922549377125
702	0.0005175922549377125
558	0.0005175922549377125
585	0.0005175922549377125
660	0.0005175922549377125
706	0.0005175922549377125
016	0.000505828794598219
149	0.000505828794598219
380	0.000505828794598219
167	0.000505828794598219
264	0.000505828794598219
358	0.000505828794598219
407	0.000505828794598219
563	0.000505828794598219
487	0.000505828794598219
581	0.000505828794598219
561	0.000505828794598219
775	0.000505828794598219
861	0.000505828794598219
018	0.0004940653342587255
072	0.0004940653342587255
144	0.0004940653342587255
452	0.0004940653342587255
247	0.0004940653342587255
508	0.0004940653342587255
338	0.0004940653342587255
441	0.0004940653342587255
445	0.0004940653342587255
642	0.0004940653342587255
833	0.0004940653342587255
751	0.0004940653342587255
696	0.0004823018739192321
905	0.0004823018739192321
388	0.0004823018739192321
985	0.0004823018739192321
599	0.0004823018739192321
053	0.0004823018739192321
082	0.0004823018739192321
765	0.0004823018739192321
759	0.0004823018739192321
776	0.0004823018739192321
553	0.0004823018739192321
189	0.0004823018739192321
763	0.0004823018739192321
860	0.0004823018739192321
986	0.0004823018739192321
634	0.0004823018739192321
271	0.0004823018739192321
299	0.0004823018739192321
658	0.0004823018739192321
898	0.0004823018739192321
450	0.0004823018739192321
554	0.0004823018739192321
788	0.0004823018739192321
571	0.0004823018739192321
885	0.0004823018739192321
667	0.0004823018739192321
805	0.0004823018739192321
807	0.0004823018739192321
865	0.0004823018739192321
997	0.0004823018739192321
361	0.0004705384135797386
263	0.0004705384135797386
580	0.0004705384135797386
017	0.0004705384135797386
034	0.0004705384135797386
582	0.0004705384135797386
267	0.0004705384135797386
238	0.0004705384135797386
237	0.0004705384135797386
262	0.0004705384135797386
533	0.0004705384135797386
382	0.0004705384135797386
875	0.0004705384135797386
480	0.0004705384135797386
547	0.0004705384135797386
587	0.0004705384135797386
882	0.0004705384135797386
650	0.0004705384135797386
770	0.0004705384135797386
709	0.00045877495324024516
097	0.00045877495324024516
162	0.00045877495324024516
154	0.00045877495324024516
655	0.00045877495324024516
375	0.00045877495324024516
906	0.00045877495324024516
340	0.00045877495324024516
586	0.00045877495324024516
027	0.00044701149290075166
076	0.00044701149290075166
509	0.00044701149290075166
269	0.00044701149290075166
195	0.00044701149290075166
260	0.00044701149290075166
285	0.00044701149290075166
779	0.00044701149290075166
532	0.00044701149290075166
840	0.00044701149290075166
904	0.00044701149290075166
766	0.00044701149290075166
866	0.00044701149290075166
074	0.0004352480325612582
289	0.0004352480325612582
056	0.0004352480325612582
482	0.0004352480325612582
278	0.0004352480325612582
399	0.0004352480325612582
891	0.0004352480325612582
185	0.0004352480325612582
254	0.0004352480325612582
265	0.0004352480325612582
640	0.0004352480325612582
381	0.0004352480325612582
383	0.0004352480325612582
887	0.0004352480325612582
471	0.0004352480325612582
871	0.0004352480325612582
055	0.0004234845722217648
093	0.0004234845722217648
099	0.0004234845722217648
164	0.0004234845722217648
243	0.0004234845722217648
192	0.0004234845722217648
193	0.0004234845722217648
799	0.0004234845722217648
239	0.0004234845722217648
244	0.0004234845722217648
251	0.0004234845722217648
858	0.0004234845722217648
908	0.0004234845722217648
378	0.0004234845722217648
387	0.0004234845722217648
956	0.0004234845722217648
584	0.0004234845722217648
636	0.0004234845722217648
665	0.0004234845722217648
677	0.0004234845722217648
740	0.0004234845722217648
773	0.0004234845722217648
845	0.0004234845722217648
346	0.0004117211118822713
054	0.0004117211118822713
066	0.0004117211118822713
477	0.0004117211118822713
190	0.0004117211118822713
575	0.0004117211118822713
449	0.0004117211118822713
353	0.0004117211118822713
433	0.0004117211118822713
465	0.0004117211118822713
466	0.0004117211118822713
809	0.0004117211118822713
960	0.0004117211118822713
965	0.0004117211118822713
019	0.00039995765154277784
077	0.00039995765154277784
791	0.00039995765154277784
294	0.00039995765154277784
661	0.00039995765154277784
460	0.00039995765154277784
253	0.00039995765154277784
347	0.00039995765154277784
467	0.00039995765154277784
447	0.00039995765154277784
371	0.00039995765154277784
389	0.00039995765154277784
436	0.00039995765154277784
448	0.00039995765154277784
454	0.00039995765154277784
459	0.00039995765154277784
472	0.00039995765154277784
774	0.00039995765154277784
708	0.00039995765154277784
841	0.00039995765154277784
856	0.00039995765154277784
744	0.00039995765154277784
955	0.00039995765154277784
286	0.00038819419120328434
341	0.00038819419120328434
755	0.00038819419120328434
033	0.00038819419120328434
043	0.00038819419120328434
065	0.00038819419120328434
078	0.00038819419120328434
079	0.00038819419120328434
087	0.00038819419120328434
742	0.00038819419120328434
732	0.00038819419120328434
274	0.00038819419120328434
781	0.00038819419120328434
798	0.00038819419120328434
851	0.00038819419120328434
279	0.00038819419120328434
280	0.00038819419120328434
476	0.00038819419120328434
542	0.00038819419120328434
493	0.00038819419120328434
431	0.00038819419120328434
443	0.00038819419120328434
446	0.00038819419120328434
468	0.00038819419120328434
767	0.00038819419120328434
573	0.00038819419120328434
565	0.00038819419120328434
583	0.00038819419120328434
782	0.00038819419120328434
680	0.00038819419120328434
897	0.00038819419120328434
058	0.00038819419120328434
877	0.00038819419120328434
933	0.00038819419120328434
653	0.0003764307308637909
457	0.0003764307308637909
047	0.0003764307308637909
083	0.0003764307308637909
073	0.0003764307308637909
938	0.0003764307308637909
796	0.0003764307308637909
281	0.0003764307308637909
272	0.0003764307308637909
768	0.0003764307308637909
373	0.0003764307308637909
385	0.0003764307308637909
393	0.0003764307308637909
548	0.0003764307308637909
537	0.0003764307308637909
544	0.0003764307308637909
690	0.0003764307308637909
746	0.0003764307308637909
750	0.0003764307308637909
966	0.0003764307308637909
736	0.0003646672705242974
359	0.0003646672705242974
063	0.0003646672705242974
095	0.0003646672705242974
961	0.0003646672705242974
934	0.0003646672705242974
562	0.0003646672705242974
762	0.0003646672705242974
386	0.0003646672705242974
395	0.0003646672705242974
883	0.0003646672705242974
631	0.0003646672705242974
572	0.0003646672705242974
596	0.0003646672705242974
645	0.0003646672705242974
863	0.0003646672705242974
869	0.0003646672705242974
941	0.0003646672705242974
954	0.0003646672705242974
846	0.0003646672705242974
737	0.00035290381018480396
760	0.00035290381018480396
086	0.00035290381018480396
735	0.00035290381018480396
463	0.00035290381018480396
534	0.00035290381018480396
337	0.00035290381018480396
943	0.00035290381018480396
194	0.00035290381018480396
557	0.00035290381018480396
257	0.00035290381018480396
259	0.00035290381018480396
275	0.00035290381018480396
282	0.00035290381018480396
374	0.00035290381018480396
372	0.00035290381018480396
983	0.00035290381018480396
490	0.00035290381018480396
686	0.00035290381018480396
435	0.00035290381018480396
485	0.00035290381018480396
535	0.00035290381018480396
854	0.00035290381018480396
639	0.00035290381018480396
689	0.00035290381018480396
876	0.00035290381018480396
993	0.00035290381018480396
249	0.00035290381018480396
283	0.0003411403498453105
354	0.0003411403498453105
057	0.0003411403498453105
464	0.0003411403498453105
761	0.0003411403498453105
835	0.0003411403498453105
864	0.0003411403498453105
391	0.0003411403498453105
241	0.0003411403498453105
896	0.0003411403498453105
298	0.0003411403498453105
832	0.0003411403498453105
577	0.0003411403498453105
291	0.0003411403498453105
991	0.0003411403498453105
342	0.0003411403498453105
348	0.0003411403498453105
489	0.0003411403498453105
453	0.0003411403498453105
842	0.0003411403498453105
559	0.0003411403498453105
574	0.0003411403498453105
669	0.0003411403498453105
684	0.0003411403498453105
756	0.0003411403498453105
570	0.0003411403498453105
957	0.0003411403498453105
049	0.000329376889505817
029	0.000329376889505817
679	0.000329376889505817
039	0.000329376889505817
870	0.000329376889505817
691	0.000329376889505817
694	0.000329376889505817
743	0.000329376889505817
969	0.000329376889505817
652	0.000329376889505817
657	0.000329376889505817
046	0.000329376889505817
834	0.000329376889505817
376	0.000329376889505817
475	0.000329376889505817
538	0.000329376889505817
950	0.000329376889505817
687	0.000329376889505817
752	0.000329376889505817
837	0.000329376889505817
590	0.000329376889505817
499	0.0003176134291663236
641	0.0003176134291663236
952	0.0003176134291663236
670	0.0003176134291663236
068	0.0003176134291663236
664	0.0003176134291663236
967	0.0003176134291663236
377	0.0003176134291663236
492	0.0003176134291663236
496	0.0003176134291663236
935	0.0003176134291663236
483	0.0003176134291663236
992	0.0003176134291663236
470	0.0003176134291663236
462	0.0003176134291663236
936	0.0003176134291663236
598	0.0003176134291663236
867	0.0003176134291663236
738	0.0003176134291663236
844	0.0003176134291663236
069	0.0003058499688268301
659	0.0003058499688268301
785	0.0003058499688268301
287	0.0003058499688268301
295	0.0003058499688268301
651	0.0003058499688268301
297	0.0003058499688268301
344	0.0003058499688268301
780	0.0003058499688268301
754	0.0003058499688268301
437	0.0003058499688268301
440	0.0003058499688268301
451	0.0003058499688268301
693	0.0003058499688268301
434	0.0003058499688268301
390	0.00029408650848733664
075	0.00029408650848733664
662	0.00029408650848733664
096	0.00029408650848733664
461	0.00029408650848733664
643	0.00029408650848733664
367	0.00029408650848733664
895	0.00029408650848733664
783	0.00029408650848733664
290	0.00029408650848733664
698	0.00029408650848733664
059	0.00029408650848733664
064	0.00029408650848733664
857	0.00029408650848733664
675	0.00029408650848733664
488	0.00029408650848733664
939	0.00029408650848733664
948	0.00029408650848733664
536	0.00029408650848733664
937	0.00029408650848733664
847	0.00029408650848733664
635	0.00029408650848733664
673	0.00029408650848733664
681	0.00029408650848733664
757	0.00029408650848733664
879	0.00029408650848733664
848	0.00029408650848733664
044	0.00029408650848733664
647	0.00029408650848733664
968	0.00028232304814784315
793	0.00028232304814784315
048	0.00028232304814784315
067	0.00028232304814784315
089	0.00028232304814784315
094	0.00028232304814784315
970	0.00028232304814784315
292	0.00028232304814784315
396	0.00028232304814784315
349	0.00028232304814784315
356	0.00028232304814784315
836	0.00028232304814784315
397	0.00028232304814784315
539	0.00028232304814784315
695	0.00028232304814784315
592	0.00028232304814784315
637	0.00028232304814784315
646	0.00028232304814784315
874	0.00028232304814784315
784	0.00028232304814784315
769	0.00028232304814784315
878	0.00028232304814784315
974	0.00028232304814784315
853	0.00028232304814784315
481	0.0002705595878083497
085	0.0002705595878083497
379	0.0002705595878083497
672	0.0002705595878083497
683	0.0002705595878083497
473	0.0002705595878083497
442	0.0002705595878083497
786	0.0002705595878083497
576	0.0002705595878083497
593	0.0002705595878083497
758	0.0002705595878083497
975	0.0002705595878083497
982	0.0002705595878083497
343	0.00025879612746885626
872	0.00025879612746885626
296	0.00025879612746885626
261	0.00025879612746885626
873	0.00025879612746885626
638	0.00025879612746885626
749	0.00025879612746885626
790	0.00025879612746885626
398	0.00025879612746885626
685	0.00025879612746885626
674	0.00025879612746885626
797	0.00025879612746885626
838	0.00025879612746885626
884	0.00025879612746885626
859	0.00025879612746885626
370	0.00025879612746885626
084	0.00024703266712936277
293	0.00024703266712936277
474	0.00024703266712936277
591	0.00024703266712936277
772	0.00024703266712936277
764	0.00024703266712936277
682	0.00024703266712936277
849	0.00024703266712936277
894	0.00024703266712936277
962	0.00024703266712936277
984	0.00024703266712936277
843	0.0002352692067898693
932	0.0002352692067898693
276	0.0002352692067898693
497	0.0002352692067898693
364	0.0002352692067898693
972	0.0002352692067898693
439	0.0002352692067898693
495	0.0002352692067898693
739	0.0002352692067898693
648	0.0002352692067898693
549	0.0002352692067898693
949	0.0002352692067898693
953	0.0002352692067898693
979	0.0002352692067898693
644	0.00022350574645037583
946	0.00022350574645037583
794	0.00022350574645037583
964	0.00022350574645037583
384	0.00022350574645037583
484	0.00022350574645037583
649	0.00022350574645037583
977	0.00022350574645037583
839	0.00022350574645037583
892	0.00022350574645037583
958	0.00022350574645037583
697	0.00022350574645037583
981	0.00022350574645037583
392	0.0002117422861108824
595	0.0002117422861108824
971	0.0002117422861108824
947	0.0002117422861108824
671	0.0002117422861108824
795	0.0002117422861108824
893	0.0002117422861108824
597	0.00019997882577138892
692	0.00019997882577138892
994	0.00019997882577138892
976	0.00018821536543189545
734	0.00018821536543189545
479	0.00018821536543189545
676	0.00018821536543189545
973	0.00017645190509240198
491	0.00015292498441341504
498	0.00015292498441341504
792	0.00015292498441341504
959	0.00015292498441341504
944	0.00014116152407392157
