58628885862888	0.011799410029498525
30212037250340	0.008849557522123894
77881220002002	0.008849557522123894
01895201898552	0.0058997050147492625
03502340350234	0.0058997050147492625
08004476696999	0.0058997050147492625
09205633830911	0.0058997050147492625
11223344556677	0.0058997050147492625
12345671234567	0.0058997050147492625
12345677654321	0.0058997050147492625
20020409150342	0.0058997050147492625
20784157012533	0.0058997050147492625
21526000072404	0.0058997050147492625
81074014134164	0.0058997050147492625
93080109308010	0.0058997050147492625
09898533831997	0.0058997050147492625
19918012161111	0.0058997050147492625
12010530888132	0.0058997050147492625
19922581258112	0.0058997050147492625
52412238787887	0.0058997050147492625
72114557130918	0.0058997050147492625
02151314941520	0.0058997050147492625
00112233445566	0.0029498525073746312
00213470604344	0.0029498525073746312
00442120044212	0.0029498525073746312
00810072097951	0.0029498525073746312
00886911805678	0.0029498525073746312
00886988822769	0.0029498525073746312
00910030526505	0.0029498525073746312
00935832234596	0.0029498525073746312
01020304050607	0.0029498525073746312
01234567890000	0.0029498525073746312
01410091514494	0.0029498525073746312
01478523690147	0.0029498525073746312
02011360362688	0.0029498525073746312
02040806020408	0.0029498525073746312
03071102102199	0.0029498525073746312
03186802201979	0.0029498525073746312
04030110403011	0.0029498525073746312
05379028390154	0.0029498525073746312
05822450582245	0.0029498525073746312
07120511037701	0.0029498525073746312
07237804241010	0.0029498525073746312
08064493399168	0.0029498525073746312
08094490809449	0.0029498525073746312
08502148609190	0.0029498525073746312
08988689551254	0.0029498525073746312
09105238666325	0.0029498525073746312
09108235840929	0.0029498525073746312
09127284753205	0.0029498525073746312
09128391771988	0.0029498525073746312
09150516582266	0.0029498525073746312
09200920392219	0.0029498525073746312
09285828159420	0.0029498525073746312
09316781571314	0.0029498525073746312
09325342942407	0.0029498525073746312
09331601805705	0.0029498525073746312
09376438183400	0.0029498525073746312
09377753937994	0.0029498525073746312
09588736730204	0.0029498525073746312
09687542464326	0.0029498525073746312
09711070090316	0.0029498525073746312
09730944810504	0.0029498525073746312
09816960930614	0.0029498525073746312
09872860017512	0.0029498525073746312
09883479120912	0.0029498525073746312
09883607550723	0.0029498525073746312
09888223682010	0.0029498525073746312
09890861091018	0.0029498525073746312
10049791004979	0.0029498525073746312
10181103871208	0.0029498525073746312
10795201010703	0.0029498525073746312
11111222221122	0.0029498525073746312
11687141168714	0.0029498525073746312
11903833650290	0.0029498525073746312
12121212121212	0.0029498525073746312
12320011232001	0.0029498525073746312
12332126598003	0.0029498525073746312
12341234123412	0.0029498525073746312
12345612345678	0.0029498525073746312
12345622303426	0.0029498525073746312
12345676543210	0.0029498525073746312
12345678456852	0.0029498525073746312
12345678900000	0.0029498525073746312
12345678904444	0.0029498525073746312
12345678980042	0.0029498525073746312
13136771313677	0.0029498525073746312
13140930579930	0.0029498525073746312
13140935377705	0.0029498525073746312
13247652571346	0.0029498525073746312
13520201352020	0.0029498525073746312
13572462461357	0.0029498525073746312
14012823014916	0.0029498525073746312
14243444536374	0.0029498525073746312
15915995195116	0.0029498525073746312
15935714789632	0.0029498525073746312
17702279960601	0.0029498525073746312
17797147258369	0.0029498525073746312
18607915666896	0.0029498525073746312
18731107251099	0.0029498525073746312
19521141985123	0.0029498525073746312
19830322303891	0.0029498525073746312
19870701060677	0.0029498525073746312
19870963468269	0.0029498525073746312
19871271987127	0.0029498525073746312
19900311790311	0.0029498525073746312
19920127165999	0.0029498525073746312
19920609135246	0.0029498525073746312
19938281917315	0.0029498525073746312
19971008123456	0.0029498525073746312
19978605121133	0.0029498525073746312
42040928657161	0.0029498525073746312
20020316143842	0.0029498525073746312
20030115200621	0.0029498525073746312
20030209121427	0.0029498525073746312
20030520101846	0.0029498525073746312
20045200254002	0.0029498525073746312
20257225100260	0.0029498525073746312
21022224791114	0.0029498525073746312
21120001812578	0.0029498525073746312
21245733582810	0.0029498525073746312
21385417385622	0.0029498525073746312
22672040121219	0.0029498525073746312
23025025851119	0.0029498525073746312
23132868910426	0.0029498525073746312
23232300232323	0.0029498525073746312
23393635311408	0.0029498525073746312
23569382318769	0.0029498525073746312
23838002934368	0.0029498525073746312
25634981730514	0.0029498525073746312
26238730210788	0.0029498525073746312
27052473364623	0.0029498525073746312
29114462381013	0.0029498525073746312
29469721000000	0.0029498525073746312
31402221773365	0.0029498525073746312
31415926535897	0.0029498525073746312
31640200299683	0.0029498525073746312
31725421752152	0.0029498525073746312
33901873476650	0.0029498525073746312
34635813462705	0.0029498525073746312
42876314287613	0.0029498525073746312
45584964558496	0.0029498525073746312
45654546465456	0.0029498525073746312
48291857294871	0.0029498525073746312
49533004770531	0.0029498525073746312
49551624955162	0.0029498525073746312
52024125202412	0.0029498525073746312
52054013145240	0.0029498525073746312
54564956495555	0.0029498525073746312
54770775477077	0.0029498525073746312
55501965550196	0.0029498525073746312
55546655554665	0.0029498525073746312
55662301478899	0.0029498525073746312
56882483692048	0.0029498525073746312
58492215849221	0.0029498525073746312
60111605300818	0.0029498525073746312
60810163201121	0.0029498525073746312
63032115098975	0.0029498525073746312
63150196218587	0.0029498525073746312
65061119761514	0.0029498525073746312
65149826511215	0.0029498525073746312
67264626726462	0.0029498525073746312
68729986872998	0.0029498525073746312
69868366986836	0.0029498525073746312
70143397011416	0.0029498525073746312
70368744177664	0.0029498525073746312
75122206101617	0.0029498525073746312
75307545020098	0.0029498525073746312
75315985245698	0.0029498525073746312
76780937749223	0.0029498525073746312
77585217758521	0.0029498525073746312
78080902120823	0.0029498525073746312
78451297845129	0.0029498525073746312
78453311260721	0.0029498525073746312
78660018489136	0.0029498525073746312
78951233215987	0.0029498525073746312
79031019900310	0.0029498525073746312
81154188115418	0.0029498525073746312
81311028131102	0.0029498525073746312
82241568224156	0.0029498525073746312
82460002838301	0.0029498525073746312
82465284657913	0.0029498525073746312
83811123581321	0.0029498525073746312
85245671930123	0.0029498525073746312
86031026560503	0.0029498525073746312
88006655886001	0.0029498525073746312
89053378905335	0.0029498525073746312
89668788951611	0.0029498525073746312
90121220011212	0.0029498525073746312
90123009012300	0.0029498525073746312
91827364550001	0.0029498525073746312
95175304794547	0.0029498525073746312
95175382462000	0.0029498525073746312
95711579571157	0.0029498525073746312
97280123456789	0.0029498525073746312
97657849765784	0.0029498525073746312
98990014072802	0.0029498525073746312
99199299399499	0.0029498525073746312
84323183183183	0.0029498525073746312
23567748123456	0.0029498525073746312
04856052097166	0.0029498525073746312
09334120956710	0.0029498525073746312
20130121000803	0.0029498525073746312
20130123055623	0.0029498525073746312
20130228150305	0.0029498525073746312
20130313150127	0.0029498525073746312
20130320184818	0.0029498525073746312
20130321141641	0.0029498525073746312
20130322174945	0.0029498525073746312
20130325113651	0.0029498525073746312
20130328232655	0.0029498525073746312
20130402223839	0.0029498525073746312
20130419163806	0.0029498525073746312
20130720001041	0.0029498525073746312
89520311302598	0.0029498525073746312
20011200211002	0.0029498525073746312
01010202020109	0.0029498525073746312
09223772310704	0.0029498525073746312
12341234922002	0.0029498525073746312
15935755552468	0.0029498525073746312
20052005200511	0.0029498525073746312
22368232670614	0.0029498525073746312
23516562790420	0.0029498525073746312
24681883555188	0.0029498525073746312
27837642840605	0.0029498525073746312
31157162223691	0.0029498525073746312
35715935715935	0.0029498525073746312
37050031234567	0.0029498525073746312
52287075228707	0.0029498525073746312
61146524315244	0.0029498525073746312
78963214565466	0.0029498525073746312
82122020580414	0.0029498525073746312
84061530848959	0.0029498525073746312
87071105181123	0.0029498525073746312
08091230809123	0.0029498525073746312
37451955341220	0.0029498525073746312
31100932030432	0.0029498525073746312
70262041025013	0.0029498525073746312
57926825041335	0.0029498525073746312
80083022058991	0.0029498525073746312
86178009355253	0.0029498525073746312
10311285201314	0.0029498525073746312
45612300000000	0.0029498525073746312
12345678911223	0.0029498525073746312
42930320812238	0.0029498525073746312
98765432192430	0.0029498525073746312
19830326016057	0.0029498525073746312
20002000562000	0.0029498525073746312
11133056831920	0.0029498525073746312
86121522022017	0.0029498525073746312
25753356974215	0.0029498525073746312
94623578810100	0.0029498525073746312
01234560123456	0.0029498525073746312
09182524689578	0.0029498525073746312
12811229620630	0.0029498525073746312
22905819561434	0.0029498525073746312
88954632150782	0.0029498525073746312
09835178620207	0.0029498525073746312
00004695306081	0.0029498525073746312
25992493555253	0.0029498525073746312
46816564681656	0.0029498525073746312
21503000034536	0.0029498525073746312
38514851471021	0.0029498525073746312
12131617181920	0.0029498525073746312
16263747596932	0.0029498525073746312
82090519930905	0.0029498525073746312
78963987412365	0.0029498525073746312
09150373222000	0.0029498525073746312
87654321742000	0.0029498525073746312
06061213072425	0.0029498525073746312
09117812862000	0.0029498525073746312
09889556084059	0.0029498525073746312
09170916835540	0.0029498525073746312
79302687930071	0.0029498525073746312
91593155661337	0.0029498525073746312
23332658555000	0.0029498525073746312
10203040010203	0.0029498525073746312
80011198051032	0.0029498525073746312
12345678624000	0.0029498525073746312
20081231255122	0.0029498525073746312
23574689101579	0.0029498525073746312
33884455667788	0.0029498525073746312
09107738030126	0.0029498525073746312
16241924132400	0.0029498525073746312
78101356881354	0.0029498525073746312
09160175688899	0.0029498525073746312
09287454061945	0.0029498525073746312
09822867171337	0.0029498525073746312
09822867172000	0.0029498525073746312
21120004843315	0.0029498525073746312
22431616470856	0.0029498525073746312
53269235343603	0.0029498525073746312
53850322861234	0.0029498525073746312
70856224316164	0.0029498525073746312
78456337145688	0.0029498525073746312
94890101697007	0.0029498525073746312
85245614789632	0.0029498525073746312
65056531235777	0.0029498525073746312
84021922770487	0.0029498525073746312
84021929944572	0.0029498525073746312
25316497951230	0.0029498525073746312
03219024866700	0.0029498525073746312
55660971020040	0.0029498525073746312
66280224920324	0.0029498525073746312
47266389053211	0.0029498525073746312
03250417520520	0.0029498525073746312
09210276324589	0.0029498525073746312
29222619262527	0.0029498525073746312
32811119971008	0.0029498525073746312
35301033582135	0.0029498525073746312
12345630728201	0.0029498525073746312
19802882841656	0.0029498525073746312
20069910241204	0.0029498525073746312
