123	0.10309096053189984
520	0.05499363417739426
456	0.012920262177582874
888	0.012083274390531428
168	0.01116376668081294
000	0.011069458197764889
321	0.01024425897109445
999	0.009878813599283255
111	0.00983165935775923
777	0.00936011694251898
789	0.009006460131088792
666	0.007862969774131184
001	0.007686141368416089
100	0.0066487480548875376
007	0.006247937001933324
333	0.00597680011317018
159	0.005788183147074079
555	0.005634931862120998
222	0.005234120809166785
101	0.00468005847125949
147	0.0042910359786862825
911	0.0038430706842080445
987	0.0037133965200169755
852	0.003642665157730938
369	0.0033715282689677937
258	0.003135757061347668
112	0.0031003913802046495
125	0.003006082897156599
119	0.003006082897156599
121	0.0029825057763945865
102	0.0028528316122035176
120	0.0028528316122035176
951	0.0028292544914415053
122	0.0027703116895364736
228	0.0027467345687744614
963	0.0027231574480124487
530	0.0027231574480124487
110	0.002699580327250436
753	0.0026760032064884237
200	0.0026288489649643984
741	0.0025816947234403734
135	0.0025345404819163485
394	0.0023105578346772292
223	0.002216249351629179
128	0.002204460791248173
104	0.0021808836704861603
921	0.0021101523082001227
521	0.0020747866270571036
543	0.0020629980666760977
234	0.002004055264771066
103	0.00199226670439006
113	0.001956901023247041
124	0.001956901023247041
320	0.001874381100579997
711	0.001862592540198991
002	0.0018508039798179846
654	0.0018154382986749658
108	0.0017918611779129533
117	0.0017682840571509406
220	0.0017564954967699345
127	0.0017447069363889282
126	0.0016975526948649032
444	0.0016975526948649032
105	0.0016857641344838969
318	0.0016739755741028905
312	0.0016268213325788656
311	0.0016150327721978592
310	0.0016032442118168529
945	0.0016032442118168529
213	0.0015914556514358468
221	0.0015914556514358468
314	0.0015914556514358468
978	0.0015796670910548404
118	0.0015796670910548404
357	0.0015796670910548404
330	0.0015796670910548404
012	0.001567878530673834
331	0.001567878530673834
129	0.001556089970292828
107	0.0015443014099118216
610	0.0015325128495308152
500	0.0015207242891498091
114	0.0015207242891498091
501	0.0015207242891498091
109	0.0014971471683877964
326	0.0014971471683877964
823	0.0014971471683877964
300	0.0014853586080067903
525	0.0014853586080067903
211	0.001473570047625784
523	0.0014617814872447776
212	0.0014617814872447776
510	0.0014617814872447776
115	0.0014499929268637715
511	0.0014499929268637715
214	0.0014499929268637715
183	0.0014499929268637715
323	0.0014382043664827651
116	0.0014382043664827651
226	0.0014382043664827651
623	0.0014264158061017588
316	0.0014146272457207527
246	0.0014146272457207527
313	0.0014146272457207527
522	0.0014146272457207527
225	0.0014028386853397463
567	0.0014028386853397463
512	0.0014028386853397463
199	0.00139105012495874
345	0.00139105012495874
612	0.00139105012495874
178	0.0013792615645777339
201	0.0013792615645777339
215	0.0013792615645777339
621	0.0013792615645777339
611	0.0013674730041967275
328	0.0013674730041967275
920	0.0013674730041967275
886	0.0013556844438157212
003	0.0013556844438157212
210	0.001343895883434715
106	0.001343895883434715
131	0.001343895883434715
227	0.001343895883434715
528	0.001343895883434715
620	0.001343895883434715
218	0.0013321073230537087
928	0.0013203187626727023
831	0.0013085302022916962
315	0.0013085302022916962
224	0.0013085302022916962
412	0.0013085302022916962
202	0.0012967416419106899
619	0.0012967416419106899
526	0.0012849530815296835
613	0.0012849530815296835
820	0.0012731645211486774
006	0.0012495874003866647
918	0.0012495874003866647
329	0.0012495874003866647
426	0.0012377988400056586
723	0.0012377988400056586
517	0.0012260102796246522
303	0.0012260102796246522
556	0.0012260102796246522
828	0.0012260102796246522
815	0.0012260102796246522
818	0.001214221719243646
923	0.001214221719243646
423	0.001214221719243646
324	0.0012024331588626398
010	0.0011906445984816334
322	0.0011906445984816334
420	0.0011906445984816334
821	0.0011906445984816334
566	0.001178856038100627
301	0.001178856038100627
217	0.001178856038100627
216	0.001167067477719621
203	0.001167067477719621
929	0.0011552789173386146
516	0.0011552789173386146
518	0.0011552789173386146
515	0.0011434903569576083
256	0.0011434903569576083
317	0.0011317017965766021
678	0.0011317017965766021
527	0.0011317017965766021
813	0.0011317017965766021
615	0.0011199132361955958
180	0.0011199132361955958
325	0.0011199132361955958
713	0.0011199132361955958
628	0.0011199132361955958
712	0.0011199132361955958
413	0.0011081246758145894
041	0.0011081246758145894
816	0.0011081246758145894
626	0.0011081246758145894
410	0.0010963361154335833
011	0.0010963361154335833
716	0.0010963361154335833
008	0.001084547555052577
524	0.001084547555052577
913	0.001084547555052577
130	0.0010727589946715706
812	0.0010727589946715706
910	0.0010727589946715706
145	0.0010727589946715706
156	0.0010727589946715706
926	0.0010727589946715706
206	0.0010727589946715706
513	0.0010727589946715706
514	0.0010609704342905645
219	0.0010609704342905645
600	0.0010609704342905645
889	0.0010609704342905645
629	0.0010609704342905645
811	0.0010491818739095582
721	0.0010491818739095582
235	0.0010491818739095582
830	0.0010491818739095582
822	0.0010491818739095582
306	0.0010491818739095582
829	0.0010491818739095582
722	0.0010491818739095582
900	0.0010491818739095582
616	0.0010373933135285518
601	0.0010373933135285518
924	0.0010373933135285518
588	0.0010373933135285518
150	0.0010373933135285518
717	0.0010373933135285518
915	0.0010373933135285518
531	0.0010373933135285518
912	0.0010373933135285518
132	0.0010256047531475457
153	0.0010256047531475457
319	0.0010256047531475457
810	0.0010256047531475457
718	0.0010138161927665393
890	0.0010138161927665393
730	0.0010138161927665393
425	0.0010138161927665393
714	0.0010138161927665393
814	0.0010138161927665393
602	0.0010138161927665393
529	0.0010138161927665393
421	0.0010138161927665393
009	0.001002027632385533
925	0.001002027632385533
327	0.001002027632385533
930	0.001002027632385533
416	0.0009902390720045269
603	0.0009902390720045269
360	0.0009902390720045269
098	0.0009902390720045269
427	0.0009902390720045269
819	0.0009784505116235205
198	0.0009784505116235205
625	0.0009784505116235205
305	0.0009784505116235205
032	0.0009666619512425143
422	0.0009666619512425143
411	0.0009666619512425143
719	0.0009666619512425143
503	0.0009666619512425143
927	0.0009666619512425143
309	0.0009548733908615079
231	0.0009548733908615079
622	0.0009548733908615079
617	0.0009548733908615079
724	0.0009548733908615079
919	0.0009548733908615079
415	0.0009548733908615079
727	0.0009548733908615079
020	0.0009430848304805017
013	0.0009430848304805017
917	0.0009430848304805017
205	0.0009430848304805017
624	0.0009430848304805017
414	0.0009430848304805017
417	0.0009430848304805017
614	0.0009430848304805017
630	0.0009430848304805017
080	0.0009312962700994955
618	0.0009312962700994955
726	0.0009312962700994955
901	0.0009312962700994955
005	0.0009195077097184891
133	0.0009195077097184891
229	0.0009195077097184891
627	0.0009195077097184891
824	0.0009195077097184891
700	0.0009077191493374829
158	0.0009077191493374829
308	0.0009077191493374829
419	0.0009077191493374829
428	0.0009077191493374829
725	0.0009077191493374829
729	0.0009077191493374829
800	0.0008959305889564767
021	0.0008959305889564767
418	0.0008959305889564767
188	0.0008959305889564767
519	0.0008959305889564767
204	0.0008959305889564767
208	0.0008959305889564767
230	0.0008959305889564767
720	0.0008959305889564767
207	0.0008841420285754703
728	0.0008723534681944641
250	0.0008723534681944641
030	0.0008605649078134578
302	0.0008605649078134578
731	0.0008605649078134578
826	0.0008605649078134578
025	0.0008487763474324516
042	0.0008487763474324516
400	0.0008487763474324516
023	0.0008487763474324516
880	0.0008487763474324516
914	0.0008369877870514453
827	0.0008369877870514453
710	0.0008369877870514453
817	0.0008369877870514453
502	0.0008369877870514453
715	0.000825199226670439
166	0.000825199226670439
747	0.000825199226670439
430	0.000825199226670439
429	0.000825199226670439
608	0.000825199226670439
092	0.0008134106662894328
307	0.0008134106662894328
134	0.0008134106662894328
155	0.0008134106662894328
998	0.0008134106662894328
004	0.0008016221059084264
605	0.0008016221059084264
424	0.0008016221059084264
233	0.0007898335455274202
138	0.0007898335455274202
170	0.0007898335455274202
825	0.0007898335455274202
060	0.000778044985146414
486	0.000778044985146414
808	0.000778044985146414
052	0.0007662564247654076
916	0.0007662564247654076
165	0.0007662564247654076
604	0.0007662564247654076
177	0.0007544678643844014
197	0.0007544678643844014
304	0.0007544678643844014
350	0.0007544678643844014
568	0.0007544678643844014
014	0.0007426793040033952
031	0.0007426793040033952
989	0.0007426793040033952
850	0.0007426793040033952
550	0.0007426793040033952
801	0.0007426793040033952
922	0.0007308907436223888
061	0.0007191021832413826
403	0.0007191021832413826
701	0.0007191021832413826
909	0.0007191021832413826
015	0.0007073136228603763
366	0.0007073136228603763
236	0.0007073136228603763
607	0.0007073136228603763
609	0.00069552506247937
136	0.00069552506247937
273	0.00069552506247937
606	0.00069552506247937
288	0.00069552506247937
505	0.0006837365020983638
022	0.0006837365020983638
091	0.0006837365020983638
268	0.0006837365020983638
163	0.0006837365020983638
881	0.0006837365020983638
401	0.0006837365020983638
552	0.0006837365020983638
594	0.0006837365020983638
050	0.0006719479417173575
160	0.0006719479417173575
157	0.0006719479417173575
255	0.0006719479417173575
339	0.0006719479417173575
902	0.0006719479417173575
907	0.0006601593813363512
070	0.0006601593813363512
802	0.0006601593813363512
940	0.0006601593813363512
143	0.0006601593813363512
507	0.0006601593813363512
173	0.0006601593813363512
332	0.0006601593813363512
335	0.0006601593813363512
404	0.0006601593813363512
990	0.0006601593813363512
245	0.0006483708209553449
232	0.0006483708209553449
090	0.0006483708209553449
151	0.0006483708209553449
172	0.0006483708209553449
179	0.0006483708209553449
196	0.0006483708209553449
564	0.0006483708209553449
996	0.0006483708209553449
707	0.0006483708209553449
242	0.0006365822605743387
140	0.0006365822605743387
186	0.0006365822605743387
409	0.0006365822605743387
494	0.0006365822605743387
688	0.0006365822605743387
988	0.0006365822605743387
504	0.0006365822605743387
589	0.0006365822605743387
141	0.0006247937001933324
137	0.0006247937001933324
152	0.0006247937001933324
668	0.0006247937001933324
506	0.0006247937001933324
803	0.0006130051398123261
040	0.0006130051398123261
062	0.0006130051398123261
284	0.0006130051398123261
182	0.0006130051398123261
248	0.0006130051398123261
438	0.0006130051398123261
705	0.0006130051398123261
748	0.0006130051398123261
045	0.0006012165794313199
252	0.0006012165794313199
277	0.0006012165794313199
169	0.0006012165794313199
408	0.0006012165794313199
545	0.0006012165794313199
806	0.0006012165794313199
405	0.0006012165794313199
899	0.0006012165794313199
771	0.0006012165794313199
036	0.0005894280190503135
699	0.0005894280190503135
146	0.0005894280190503135
868	0.0005894280190503135
037	0.0005776394586693073
038	0.0005776394586693073
365	0.0005776394586693073
579	0.0005776394586693073
362	0.0005776394586693073
184	0.0005776394586693073
351	0.0005776394586693073
560	0.0005776394586693073
703	0.0005776394586693073
804	0.0005776394586693073
778	0.0005776394586693073
028	0.0005658508982883011
663	0.0005658508982883011
051	0.0005658508982883011
071	0.0005658508982883011
266	0.0005658508982883011
139	0.0005658508982883011
336	0.0005658508982883011
142	0.0005658508982883011
148	0.0005658508982883011
176	0.0005658508982883011
406	0.0005658508982883011
569	0.0005658508982883011
334	0.0005658508982883011
402	0.0005658508982883011
455	0.0005658508982883011
903	0.0005658508982883011
745	0.0005658508982883011
024	0.0005540623379072947
980	0.0005540623379072947
633	0.0005540623379072947
175	0.0005540623379072947
187	0.0005540623379072947
209	0.0005540623379072947
995	0.0005540623379072947
432	0.0005422737775262885
088	0.0005422737775262885
578	0.0005422737775262885
458	0.0005422737775262885
161	0.0005422737775262885
546	0.0005422737775262885
355	0.0005422737775262885
540	0.0005422737775262885
551	0.0005422737775262885
855	0.0005422737775262885
191	0.0005304852171452823
035	0.0005304852171452823
026	0.0005304852171452823
174	0.0005304852171452823
081	0.0005304852171452823
363	0.0005304852171452823
632	0.0005304852171452823
181	0.0005304852171452823
862	0.0005304852171452823
733	0.0005304852171452823
368	0.0005304852171452823
704	0.0005304852171452823
942	0.0005186966567642759
787	0.0005186966567642759
240	0.0005186966567642759
656	0.0005186966567642759
171	0.0005186966567642759
270	0.0005186966567642759
541	0.0005186966567642759
469	0.0005186966567642759
478	0.0005186966567642759
702	0.0005186966567642759
581	0.0005186966567642759
558	0.0005186966567642759
585	0.0005186966567642759
660	0.0005186966567642759
706	0.0005186966567642759
931	0.0005186966567642759
016	0.0005069080963832697
149	0.0005069080963832697
380	0.0005069080963832697
167	0.0005069080963832697
352	0.0005069080963832697
264	0.0005069080963832697
358	0.0005069080963832697
407	0.0005069080963832697
563	0.0005069080963832697
487	0.0005069080963832697
561	0.0005069080963832697
775	0.0005069080963832697
861	0.0005069080963832697
018	0.0004951195360022634
072	0.0004951195360022634
144	0.0004951195360022634
247	0.0004951195360022634
508	0.0004951195360022634
338	0.0004951195360022634
441	0.0004951195360022634
642	0.0004951195360022634
833	0.0004951195360022634
751	0.0004951195360022634
696	0.00048333097562125714
905	0.00048333097562125714
388	0.00048333097562125714
985	0.00048333097562125714
599	0.00048333097562125714
053	0.00048333097562125714
082	0.00048333097562125714
765	0.00048333097562125714
759	0.00048333097562125714
776	0.00048333097562125714
189	0.00048333097562125714
763	0.00048333097562125714
860	0.00048333097562125714
986	0.00048333097562125714
634	0.00048333097562125714
271	0.00048333097562125714
299	0.00048333097562125714
658	0.00048333097562125714
898	0.00048333097562125714
445	0.00048333097562125714
450	0.00048333097562125714
554	0.00048333097562125714
788	0.00048333097562125714
571	0.00048333097562125714
885	0.00048333097562125714
667	0.00048333097562125714
805	0.00048333097562125714
807	0.00048333097562125714
997	0.00048333097562125714
361	0.00047154241524025085
263	0.00047154241524025085
580	0.00047154241524025085
017	0.00047154241524025085
582	0.00047154241524025085
267	0.00047154241524025085
553	0.00047154241524025085
238	0.00047154241524025085
237	0.00047154241524025085
262	0.00047154241524025085
533	0.00047154241524025085
382	0.00047154241524025085
547	0.00047154241524025085
587	0.00047154241524025085
650	0.00047154241524025085
770	0.00047154241524025085
709	0.00045975385485924456
034	0.00045975385485924456
097	0.00045975385485924456
162	0.00045975385485924456
154	0.00045975385485924456
655	0.00045975385485924456
375	0.00045975385485924456
340	0.00045975385485924456
875	0.00045975385485924456
480	0.00045975385485924456
452	0.00045975385485924456
586	0.00045975385485924456
882	0.00045975385485924456
865	0.00045975385485924456
027	0.00044796529447823833
076	0.00044796529447823833
509	0.00044796529447823833
269	0.00044796529447823833
195	0.00044796529447823833
260	0.00044796529447823833
285	0.00044796529447823833
906	0.00044796529447823833
779	0.00044796529447823833
532	0.00044796529447823833
904	0.00044796529447823833
766	0.00044796529447823833
866	0.00044796529447823833
074	0.00043617673409723204
289	0.00043617673409723204
056	0.00043617673409723204
482	0.00043617673409723204
278	0.00043617673409723204
399	0.00043617673409723204
891	0.00043617673409723204
185	0.00043617673409723204
254	0.00043617673409723204
265	0.00043617673409723204
640	0.00043617673409723204
381	0.00043617673409723204
383	0.00043617673409723204
887	0.00043617673409723204
840	0.00043617673409723204
471	0.00043617673409723204
871	0.00043617673409723204
055	0.0004243881737162258
093	0.0004243881737162258
099	0.0004243881737162258
164	0.0004243881737162258
243	0.0004243881737162258
192	0.0004243881737162258
799	0.0004243881737162258
239	0.0004243881737162258
244	0.0004243881737162258
251	0.0004243881737162258
858	0.0004243881737162258
908	0.0004243881737162258
378	0.0004243881737162258
387	0.0004243881737162258
584	0.0004243881737162258
636	0.0004243881737162258
665	0.0004243881737162258
677	0.0004243881737162258
740	0.0004243881737162258
773	0.0004243881737162258
346	0.0004125996133352195
066	0.0004125996133352195
477	0.0004125996133352195
190	0.0004125996133352195
193	0.0004125996133352195
575	0.0004125996133352195
449	0.0004125996133352195
353	0.0004125996133352195
433	0.0004125996133352195
465	0.0004125996133352195
956	0.0004125996133352195
809	0.0004125996133352195
960	0.0004125996133352195
965	0.0004125996133352195
845	0.0004125996133352195
019	0.0004008110529542132
054	0.0004008110529542132
077	0.0004008110529542132
791	0.0004008110529542132
661	0.0004008110529542132
460	0.0004008110529542132
253	0.0004008110529542132
347	0.0004008110529542132
467	0.0004008110529542132
447	0.0004008110529542132
371	0.0004008110529542132
389	0.0004008110529542132
436	0.0004008110529542132
448	0.0004008110529542132
459	0.0004008110529542132
472	0.0004008110529542132
774	0.0004008110529542132
708	0.0004008110529542132
841	0.0004008110529542132
856	0.0004008110529542132
744	0.0004008110529542132
955	0.0004008110529542132
341	0.000389022492573207
755	0.000389022492573207
033	0.000389022492573207
043	0.000389022492573207
078	0.000389022492573207
079	0.000389022492573207
087	0.000389022492573207
294	0.000389022492573207
742	0.000389022492573207
732	0.000389022492573207
274	0.000389022492573207
781	0.000389022492573207
798	0.000389022492573207
851	0.000389022492573207
279	0.000389022492573207
280	0.000389022492573207
476	0.000389022492573207
542	0.000389022492573207
493	0.000389022492573207
431	0.000389022492573207
443	0.000389022492573207
446	0.000389022492573207
454	0.000389022492573207
466	0.000389022492573207
468	0.000389022492573207
767	0.000389022492573207
573	0.000389022492573207
565	0.000389022492573207
583	0.000389022492573207
782	0.000389022492573207
680	0.000389022492573207
897	0.000389022492573207
058	0.000389022492573207
877	0.000389022492573207
653	0.0003772339321922007
286	0.0003772339321922007
457	0.0003772339321922007
047	0.0003772339321922007
083	0.0003772339321922007
073	0.0003772339321922007
938	0.0003772339321922007
796	0.0003772339321922007
281	0.0003772339321922007
272	0.0003772339321922007
768	0.0003772339321922007
373	0.0003772339321922007
393	0.0003772339321922007
548	0.0003772339321922007
537	0.0003772339321922007
544	0.0003772339321922007
690	0.0003772339321922007
746	0.0003772339321922007
750	0.0003772339321922007
933	0.0003772339321922007
966	0.0003772339321922007
736	0.0003654453718111944
065	0.0003654453718111944
359	0.0003654453718111944
063	0.0003654453718111944
095	0.0003654453718111944
961	0.0003654453718111944
934	0.0003654453718111944
562	0.0003654453718111944
762	0.0003654453718111944
385	0.0003654453718111944
386	0.0003654453718111944
395	0.0003654453718111944
883	0.0003654453718111944
631	0.0003654453718111944
572	0.0003654453718111944
596	0.0003654453718111944
645	0.0003654453718111944
863	0.0003654453718111944
869	0.0003654453718111944
941	0.0003654453718111944
954	0.0003654453718111944
846	0.0003654453718111944
760	0.00035365681143018817
735	0.00035365681143018817
463	0.00035365681143018817
534	0.00035365681143018817
337	0.00035365681143018817
943	0.00035365681143018817
194	0.00035365681143018817
557	0.00035365681143018817
257	0.00035365681143018817
259	0.00035365681143018817
275	0.00035365681143018817
282	0.00035365681143018817
374	0.00035365681143018817
372	0.00035365681143018817
983	0.00035365681143018817
490	0.00035365681143018817
686	0.00035365681143018817
435	0.00035365681143018817
485	0.00035365681143018817
535	0.00035365681143018817
639	0.00035365681143018817
689	0.00035365681143018817
993	0.00035365681143018817
249	0.00035365681143018817
354	0.0003418682510491819
737	0.0003418682510491819
057	0.0003418682510491819
086	0.0003418682510491819
464	0.0003418682510491819
835	0.0003418682510491819
864	0.0003418682510491819
241	0.0003418682510491819
298	0.0003418682510491819
577	0.0003418682510491819
991	0.0003418682510491819
348	0.0003418682510491819
489	0.0003418682510491819
453	0.0003418682510491819
842	0.0003418682510491819
559	0.0003418682510491819
574	0.0003418682510491819
854	0.0003418682510491819
684	0.0003418682510491819
876	0.0003418682510491819
756	0.0003418682510491819
570	0.0003418682510491819
957	0.0003418682510491819
283	0.0003300796906681756
029	0.0003300796906681756
679	0.0003300796906681756
761	0.0003300796906681756
691	0.0003300796906681756
694	0.0003300796906681756
743	0.0003300796906681756
969	0.0003300796906681756
832	0.0003300796906681756
652	0.0003300796906681756
291	0.0003300796906681756
657	0.0003300796906681756
046	0.0003300796906681756
834	0.0003300796906681756
342	0.0003300796906681756
376	0.0003300796906681756
475	0.0003300796906681756
391	0.0003300796906681756
538	0.0003300796906681756
950	0.0003300796906681756
669	0.0003300796906681756
752	0.0003300796906681756
590	0.0003300796906681756
499	0.00031829113028716935
641	0.00031829113028716935
952	0.00031829113028716935
049	0.00031829113028716935
670	0.00031829113028716935
068	0.00031829113028716935
664	0.00031829113028716935
967	0.00031829113028716935
377	0.00031829113028716935
492	0.00031829113028716935
896	0.00031829113028716935
496	0.00031829113028716935
935	0.00031829113028716935
483	0.00031829113028716935
992	0.00031829113028716935
470	0.00031829113028716935
462	0.00031829113028716935
936	0.00031829113028716935
598	0.00031829113028716935
867	0.00031829113028716935
687	0.00031829113028716935
738	0.00031829113028716935
844	0.00031829113028716935
837	0.00031829113028716935
870	0.00030650256990616306
069	0.00030650256990616306
659	0.00030650256990616306
785	0.00030650256990616306
287	0.00030650256990616306
651	0.00030650256990616306
297	0.00030650256990616306
344	0.00030650256990616306
754	0.00030650256990616306
437	0.00030650256990616306
440	0.00030650256990616306
451	0.00030650256990616306
693	0.00030650256990616306
390	0.00029471400952515677
075	0.00029471400952515677
662	0.00029471400952515677
096	0.00029471400952515677
461	0.00029471400952515677
643	0.00029471400952515677
367	0.00029471400952515677
895	0.00029471400952515677
783	0.00029471400952515677
290	0.00029471400952515677
295	0.00029471400952515677
698	0.00029471400952515677
059	0.00029471400952515677
064	0.00029471400952515677
857	0.00029471400952515677
780	0.00029471400952515677
675	0.00029471400952515677
488	0.00029471400952515677
536	0.00029471400952515677
937	0.00029471400952515677
847	0.00029471400952515677
635	0.00029471400952515677
434	0.00029471400952515677
673	0.00029471400952515677
681	0.00029471400952515677
757	0.00029471400952515677
879	0.00029471400952515677
848	0.00029471400952515677
044	0.00029471400952515677
647	0.00029471400952515677
968	0.00028292544914415053
039	0.00028292544914415053
048	0.00028292544914415053
067	0.00028292544914415053
089	0.00028292544914415053
970	0.00028292544914415053
292	0.00028292544914415053
396	0.00028292544914415053
349	0.00028292544914415053
356	0.00028292544914415053
836	0.00028292544914415053
397	0.00028292544914415053
539	0.00028292544914415053
695	0.00028292544914415053
592	0.00028292544914415053
637	0.00028292544914415053
646	0.00028292544914415053
874	0.00028292544914415053
784	0.00028292544914415053
769	0.00028292544914415053
878	0.00028292544914415053
974	0.00028292544914415053
853	0.00028292544914415053
793	0.00027113688876314424
481	0.00027113688876314424
085	0.00027113688876314424
379	0.00027113688876314424
672	0.00027113688876314424
683	0.00027113688876314424
473	0.00027113688876314424
939	0.00027113688876314424
786	0.00027113688876314424
576	0.00027113688876314424
593	0.00027113688876314424
758	0.00027113688876314424
975	0.00027113688876314424
982	0.00027113688876314424
343	0.00025934832838213795
872	0.00025934832838213795
296	0.00025934832838213795
261	0.00025934832838213795
638	0.00025934832838213795
749	0.00025934832838213795
790	0.00025934832838213795
398	0.00025934832838213795
685	0.00025934832838213795
442	0.00025934832838213795
948	0.00025934832838213795
674	0.00025934832838213795
797	0.00025934832838213795
884	0.00025934832838213795
859	0.00025934832838213795
370	0.00025934832838213795
084	0.0002475597680011317
094	0.0002475597680011317
873	0.0002475597680011317
591	0.0002475597680011317
772	0.0002475597680011317
764	0.0002475597680011317
682	0.0002475597680011317
838	0.0002475597680011317
962	0.0002475597680011317
984	0.0002475597680011317
843	0.00023577120762012543
932	0.00023577120762012543
276	0.00023577120762012543
497	0.00023577120762012543
293	0.00023577120762012543
364	0.00023577120762012543
972	0.00023577120762012543
495	0.00023577120762012543
739	0.00023577120762012543
648	0.00023577120762012543
549	0.00023577120762012543
849	0.00023577120762012543
953	0.00023577120762012543
979	0.00023577120762012543
894	0.00023577120762012543
644	0.00022398264723911916
946	0.00022398264723911916
794	0.00022398264723911916
964	0.00022398264723911916
439	0.00022398264723911916
474	0.00022398264723911916
949	0.00022398264723911916
649	0.00022398264723911916
977	0.00022398264723911916
839	0.00022398264723911916
892	0.00022398264723911916
958	0.00022398264723911916
697	0.00022398264723911916
981	0.00022398264723911916
392	0.0002121940868581129
595	0.0002121940868581129
971	0.0002121940868581129
947	0.0002121940868581129
384	0.0002121940868581129
671	0.0002121940868581129
795	0.0002121940868581129
597	0.0002004055264771066
484	0.0002004055264771066
692	0.0002004055264771066
893	0.0002004055264771066
976	0.00018861696609610035
734	0.00018861696609610035
479	0.00018861696609610035
994	0.00018861696609610035
676	0.00018861696609610035
973	0.00017682840571509408
491	0.00015325128495308153
498	0.00015325128495308153
792	0.00015325128495308153
959	0.00015325128495308153
944	0.00014146272457207527
