58628885862888	0.011834319526627219
30212037250340	0.008875739644970414
77881220002002	0.008875739644970414
01895201898552	0.005917159763313609
03502340350234	0.005917159763313609
08004476696999	0.005917159763313609
09205633830911	0.005917159763313609
11223344556677	0.005917159763313609
12345671234567	0.005917159763313609
12345677654321	0.005917159763313609
20020409150342	0.005917159763313609
20784157012533	0.005917159763313609
21526000072404	0.005917159763313609
81074014134164	0.005917159763313609
93080109308010	0.005917159763313609
09898533831997	0.005917159763313609
19918012161111	0.005917159763313609
12010530888132	0.005917159763313609
19922581258112	0.005917159763313609
52412238787887	0.005917159763313609
72114557130918	0.005917159763313609
02151314941520	0.005917159763313609
00112233445566	0.0029585798816568047
00213470604344	0.0029585798816568047
00442120044212	0.0029585798816568047
00810072097951	0.0029585798816568047
00886911805678	0.0029585798816568047
00886988822769	0.0029585798816568047
00910030526505	0.0029585798816568047
00935832234596	0.0029585798816568047
01020304050607	0.0029585798816568047
01234567890000	0.0029585798816568047
01410091514494	0.0029585798816568047
01478523690147	0.0029585798816568047
02011360362688	0.0029585798816568047
02040806020408	0.0029585798816568047
03071102102199	0.0029585798816568047
03186802201979	0.0029585798816568047
04030110403011	0.0029585798816568047
05379028390154	0.0029585798816568047
05822450582245	0.0029585798816568047
07120511037701	0.0029585798816568047
07237804241010	0.0029585798816568047
08064493399168	0.0029585798816568047
08094490809449	0.0029585798816568047
08502148609190	0.0029585798816568047
08988689551254	0.0029585798816568047
09105238666325	0.0029585798816568047
09108235840929	0.0029585798816568047
09127284753205	0.0029585798816568047
09128391771988	0.0029585798816568047
09150516582266	0.0029585798816568047
09200920392219	0.0029585798816568047
09285828159420	0.0029585798816568047
09316781571314	0.0029585798816568047
09325342942407	0.0029585798816568047
09331601805705	0.0029585798816568047
09376438183400	0.0029585798816568047
09377753937994	0.0029585798816568047
09588736730204	0.0029585798816568047
09687542464326	0.0029585798816568047
09711070090316	0.0029585798816568047
09730944810504	0.0029585798816568047
09816960930614	0.0029585798816568047
09872860017512	0.0029585798816568047
09883479120912	0.0029585798816568047
09883607550723	0.0029585798816568047
09888223682010	0.0029585798816568047
09890861091018	0.0029585798816568047
10049791004979	0.0029585798816568047
10181103871208	0.0029585798816568047
10795201010703	0.0029585798816568047
11111222221122	0.0029585798816568047
11687141168714	0.0029585798816568047
11903833650290	0.0029585798816568047
12121212121212	0.0029585798816568047
12320011232001	0.0029585798816568047
12332126598003	0.0029585798816568047
12341234123412	0.0029585798816568047
12345612345678	0.0029585798816568047
12345622303426	0.0029585798816568047
12345676543210	0.0029585798816568047
12345678456852	0.0029585798816568047
12345678900000	0.0029585798816568047
12345678904444	0.0029585798816568047
12345678980042	0.0029585798816568047
13136771313677	0.0029585798816568047
13140930579930	0.0029585798816568047
13140935377705	0.0029585798816568047
13247652571346	0.0029585798816568047
13520201352020	0.0029585798816568047
13572462461357	0.0029585798816568047
14012823014916	0.0029585798816568047
14243444536374	0.0029585798816568047
15915995195116	0.0029585798816568047
15935714789632	0.0029585798816568047
17702279960601	0.0029585798816568047
17797147258369	0.0029585798816568047
18607915666896	0.0029585798816568047
18731107251099	0.0029585798816568047
19521141985123	0.0029585798816568047
19830322303891	0.0029585798816568047
19870701060677	0.0029585798816568047
19870963468269	0.0029585798816568047
19871271987127	0.0029585798816568047
19900311790311	0.0029585798816568047
19920127165999	0.0029585798816568047
19920609135246	0.0029585798816568047
19938281917315	0.0029585798816568047
19971008123456	0.0029585798816568047
19978605121133	0.0029585798816568047
20020316143842	0.0029585798816568047
20030115200621	0.0029585798816568047
20030209121427	0.0029585798816568047
20030520101846	0.0029585798816568047
20045200254002	0.0029585798816568047
20257225100260	0.0029585798816568047
21022224791114	0.0029585798816568047
21120001812578	0.0029585798816568047
21245733582810	0.0029585798816568047
21385417385622	0.0029585798816568047
22672040121219	0.0029585798816568047
23025025851119	0.0029585798816568047
23132868910426	0.0029585798816568047
23232300232323	0.0029585798816568047
23393635311408	0.0029585798816568047
23569382318769	0.0029585798816568047
23838002934368	0.0029585798816568047
25634981730514	0.0029585798816568047
26238730210788	0.0029585798816568047
27052473364623	0.0029585798816568047
29114462381013	0.0029585798816568047
29469721000000	0.0029585798816568047
31402221773365	0.0029585798816568047
31415926535897	0.0029585798816568047
31640200299683	0.0029585798816568047
31725421752152	0.0029585798816568047
33901873476650	0.0029585798816568047
34635813462705	0.0029585798816568047
42876314287613	0.0029585798816568047
45584964558496	0.0029585798816568047
45654546465456	0.0029585798816568047
48291857294871	0.0029585798816568047
49533004770531	0.0029585798816568047
49551624955162	0.0029585798816568047
52024125202412	0.0029585798816568047
52054013145240	0.0029585798816568047
54564956495555	0.0029585798816568047
54770775477077	0.0029585798816568047
55501965550196	0.0029585798816568047
55546655554665	0.0029585798816568047
55662301478899	0.0029585798816568047
56882483692048	0.0029585798816568047
58492215849221	0.0029585798816568047
60111605300818	0.0029585798816568047
60810163201121	0.0029585798816568047
63032115098975	0.0029585798816568047
63150196218587	0.0029585798816568047
65061119761514	0.0029585798816568047
65149826511215	0.0029585798816568047
67264626726462	0.0029585798816568047
68729986872998	0.0029585798816568047
69868366986836	0.0029585798816568047
70143397011416	0.0029585798816568047
70368744177664	0.0029585798816568047
75122206101617	0.0029585798816568047
75307545020098	0.0029585798816568047
75315985245698	0.0029585798816568047
76780937749223	0.0029585798816568047
77585217758521	0.0029585798816568047
78080902120823	0.0029585798816568047
78451297845129	0.0029585798816568047
78453311260721	0.0029585798816568047
78660018489136	0.0029585798816568047
78951233215987	0.0029585798816568047
79031019900310	0.0029585798816568047
81154188115418	0.0029585798816568047
81311028131102	0.0029585798816568047
82241568224156	0.0029585798816568047
82460002838301	0.0029585798816568047
82465284657913	0.0029585798816568047
83811123581321	0.0029585798816568047
85245671930123	0.0029585798816568047
86031026560503	0.0029585798816568047
88006655886001	0.0029585798816568047
89053378905335	0.0029585798816568047
89668788951611	0.0029585798816568047
90121220011212	0.0029585798816568047
90123009012300	0.0029585798816568047
91827364550001	0.0029585798816568047
95175304794547	0.0029585798816568047
95175382462000	0.0029585798816568047
95711579571157	0.0029585798816568047
97280123456789	0.0029585798816568047
97657849765784	0.0029585798816568047
98990014072802	0.0029585798816568047
99199299399499	0.0029585798816568047
84323183183183	0.0029585798816568047
23567748123456	0.0029585798816568047
04856052097166	0.0029585798816568047
09334120956710	0.0029585798816568047
20130121000803	0.0029585798816568047
20130123055623	0.0029585798816568047
20130228150305	0.0029585798816568047
20130313150127	0.0029585798816568047
20130320184818	0.0029585798816568047
20130321141641	0.0029585798816568047
20130322174945	0.0029585798816568047
20130325113651	0.0029585798816568047
20130328232655	0.0029585798816568047
20130402223839	0.0029585798816568047
20130419163806	0.0029585798816568047
20130720001041	0.0029585798816568047
89520311302598	0.0029585798816568047
20011200211002	0.0029585798816568047
01010202020109	0.0029585798816568047
09223772310704	0.0029585798816568047
12341234922002	0.0029585798816568047
15935755552468	0.0029585798816568047
20052005200511	0.0029585798816568047
22368232670614	0.0029585798816568047
23516562790420	0.0029585798816568047
24681883555188	0.0029585798816568047
27837642840605	0.0029585798816568047
31157162223691	0.0029585798816568047
35715935715935	0.0029585798816568047
37050031234567	0.0029585798816568047
52287075228707	0.0029585798816568047
61146524315244	0.0029585798816568047
78963214565466	0.0029585798816568047
82122020580414	0.0029585798816568047
84061530848959	0.0029585798816568047
87071105181123	0.0029585798816568047
08091230809123	0.0029585798816568047
37451955341220	0.0029585798816568047
31100932030432	0.0029585798816568047
70262041025013	0.0029585798816568047
57926825041335	0.0029585798816568047
80083022058991	0.0029585798816568047
86178009355253	0.0029585798816568047
10311285201314	0.0029585798816568047
45612300000000	0.0029585798816568047
12345678911223	0.0029585798816568047
42930320812238	0.0029585798816568047
98765432192430	0.0029585798816568047
19830326016057	0.0029585798816568047
20002000562000	0.0029585798816568047
11133056831920	0.0029585798816568047
86121522022017	0.0029585798816568047
25753356974215	0.0029585798816568047
94623578810100	0.0029585798816568047
01234560123456	0.0029585798816568047
09182524689578	0.0029585798816568047
12811229620630	0.0029585798816568047
22905819561434	0.0029585798816568047
88954632150782	0.0029585798816568047
09835178620207	0.0029585798816568047
00004695306081	0.0029585798816568047
25992493555253	0.0029585798816568047
46816564681656	0.0029585798816568047
21503000034536	0.0029585798816568047
38514851471021	0.0029585798816568047
12131617181920	0.0029585798816568047
16263747596932	0.0029585798816568047
82090519930905	0.0029585798816568047
78963987412365	0.0029585798816568047
09150373222000	0.0029585798816568047
87654321742000	0.0029585798816568047
06061213072425	0.0029585798816568047
09117812862000	0.0029585798816568047
09889556084059	0.0029585798816568047
09170916835540	0.0029585798816568047
79302687930071	0.0029585798816568047
91593155661337	0.0029585798816568047
23332658555000	0.0029585798816568047
10203040010203	0.0029585798816568047
80011198051032	0.0029585798816568047
12345678624000	0.0029585798816568047
20081231255122	0.0029585798816568047
23574689101579	0.0029585798816568047
33884455667788	0.0029585798816568047
09107738030126	0.0029585798816568047
16241924132400	0.0029585798816568047
78101356881354	0.0029585798816568047
09160175688899	0.0029585798816568047
09287454061945	0.0029585798816568047
09822867171337	0.0029585798816568047
09822867172000	0.0029585798816568047
21120004843315	0.0029585798816568047
22431616470856	0.0029585798816568047
53269235343603	0.0029585798816568047
53850322861234	0.0029585798816568047
70856224316164	0.0029585798816568047
78456337145688	0.0029585798816568047
94890101697007	0.0029585798816568047
85245614789632	0.0029585798816568047
65056531235777	0.0029585798816568047
84021922770487	0.0029585798816568047
84021929944572	0.0029585798816568047
25316497951230	0.0029585798816568047
03219024866700	0.0029585798816568047
55660971020040	0.0029585798816568047
66280224920324	0.0029585798816568047
47266389053211	0.0029585798816568047
03250417520520	0.0029585798816568047
09210276324589	0.0029585798816568047
29222619262527	0.0029585798816568047
32811119971008	0.0029585798816568047
35301033582135	0.0029585798816568047
12345630728201	0.0029585798816568047
19802882841656	0.0029585798816568047
20069910241204	0.0029585798816568047
